#    0.000   0.000   0.000 ;Mean Elev.(m), Avg Gradient(m/km), RMS Gradient(m/km) - SRTM1     
#    0.000   0.000   0.000 ;Mean Elev.(m), Avg Gradient(m/km), RMS Gradient(m/km) - ASTER GDEM
#    3.849  -3.876  15.564 ;Mean Elev.(m), Avg Gradient(m/km), RMS Gradient(m/km) - GMTED2010 
   1   107.601 54665.90920325  4.59 323.328225 -10.268436  4.673 -100.00 -100.00 -100.00
   1   110.109 54665.90920384  2.66 323.329153 -10.270929  3.152 -100.00 -100.00 -100.00
   1   111.563 54665.90920443  1.12 323.330080 -10.273422  2.626 -100.00 -100.00 -100.00
   1   112.544 54665.90920502  2.65 323.331008 -10.275915  4.681 -100.00 -100.00 -100.00
   2   103.087 54675.82484707  8.94 323.326396 -10.267474 12.291 -100.00 -100.00 -100.00
   2   104.150 54675.82484766 11.21 323.327324 -10.269967 16.868 -100.00 -100.00 -100.00
   2   105.119 54675.82484825 11.36 323.328251 -10.272460 15.874 -100.00 -100.00 -100.00
   2   105.992 54675.82484884 11.93 323.329179 -10.274953 18.735 -100.00 -100.00 -100.00
   2   106.776 54675.82484943 10.67 323.330106 -10.277446 16.168 -100.00 -100.00 -100.00
   3    56.740 54685.74049010 11.15 323.325956 -10.267847 17.887 -100.00 -100.00 -100.00
   3    57.370 54685.74049069 12.57 323.326884 -10.270340 22.747 -100.00 -100.00 -100.00
   3    62.465 54685.74049128 10.22 323.327811 -10.272833 14.434 -100.00 -100.00 -100.00
   3    61.384 54685.74049187 15.96 323.328739 -10.275325 29.279 -100.00 -100.00 -100.00
   3    58.791 54685.74049246 16.39 323.329667 -10.277818 25.978 -100.00 -100.00 -100.00
   4   107.911 54695.65613171  3.37 323.327303 -10.266901  3.396 -100.00 -100.00 -100.00
   4   109.002 54695.65613230  3.47 323.328230 -10.269394  3.492 -100.00 -100.00 -100.00
   4   110.333 54695.65613289  6.11 323.329158 -10.271887  5.733 -100.00 -100.00 -100.00
   4   112.030 54695.65613348  4.40 323.330086 -10.274379  4.218 -100.00 -100.00 -100.00
   4   111.107 54695.65613407  6.28 323.331013 -10.276872  6.097 -100.00 -100.00 -100.00
   5    73.733 54705.57177152 13.56 323.330904 -10.267714  5.437 -100.00 -100.00 -100.00
   5    76.625 54705.57177211 18.65 323.331832 -10.270207  6.946 -100.00 -100.00 -100.00
   5    75.074 54705.57177270 22.73 323.332759 -10.272700 15.717 -100.00 -100.00 -100.00
   5    76.829 54705.57177329 11.61 323.333687 -10.275193  9.472 -100.00 -100.00 -100.00
   6    49.999 54715.48742415 22.51 323.329597 -10.268457 11.958 -100.00 -100.00 -100.00
   6    50.700 54715.48742474 27.71 323.330524 -10.270950 28.818 -100.00 -100.00 -100.00
   6    50.065 54715.48742533 20.08 323.331452 -10.273443   -100 -100.00 -100.00 -100.00
   6    49.610 54715.48742592 22.79 323.332380 -10.275936   -100 -100.00 -100.00 -100.00
   7    59.802 54725.40307407 17.30 323.327073 -10.267590  7.282 -100.00 -100.00 -100.00
   7    59.691 54725.40307466 22.61 323.328000 -10.270083 10.468 -100.00 -100.00 -100.00
   7    57.340 54725.40307525 12.87 323.328928 -10.272575 10.042 -100.00 -100.00 -100.00
   7     9.832 54725.40307584 16.72 323.329856 -10.275068 20.120 -100.00 -100.00 -100.00
   7    53.217 54725.40307643  6.08 323.330784 -10.277561  5.404 -100.00 -100.00 -100.00
   8     3.754 54735.31872197 40.62 323.323362 -10.267716 17.354 -100.00 -100.00 -100.00
   8     3.161 54735.31872256 45.88 323.324290 -10.270209 24.752 -100.00 -100.00 -100.00
   9   103.863 54745.23436820  0.37 323.319194 -10.265779  7.597 -100.00 -100.00 -100.00
   9   108.907 54745.23436939  1.06 323.321050 -10.270765  7.646 -100.00 -100.00 -100.00
  11   102.440 54765.06565997 13.89 323.319614 -10.267080 32.673 -100.00 -100.00 -100.00
  11   103.639 54765.06566056 15.38 323.320541 -10.269572   -100 -100.00 -100.00 -100.00
  12    55.008 54774.98130216  7.81 323.321561 -10.265872 14.598 -100.00 -100.00 -100.00
  12    55.484 54774.98130275  7.38 323.322489 -10.268365 15.556 -100.00 -100.00 -100.00
  12    55.732 54774.98130334 12.53 323.323417 -10.270858 19.168 -100.00 -100.00 -100.00
  13     3.219 54784.89694238 27.09 323.323558 -10.266870 21.155 -100.00 -100.00 -100.00
  13     3.317 54784.89694297 23.97 323.324486 -10.269363 12.939 -100.00 -100.00 -100.00
  14    55.627 54794.81258124  6.54 323.324974 -10.268252 12.328 -100.00 -100.00 -100.00
  14    56.022 54794.81258183 10.39 323.325902 -10.270745 24.264 -100.00 -100.00 -100.00
  14    57.427 54794.81258360 13.52 323.328685 -10.278223   -100 -100.00 -100.00 -100.00
  17    55.718 54824.55950335  9.22 323.328338 -10.267484 18.363 -100.00 -100.00 -100.00
  17    56.133 54824.55950394 10.90 323.329266 -10.269977 20.055 -100.00 -100.00 -100.00
  17   105.350 54824.55950453  1.98 323.330193 -10.272470  8.082 -100.00 -100.00 -100.00
  17   106.554 54824.55950512  2.99 323.331121 -10.274962  7.149 -100.00 -100.00 -100.00
  17   111.303 54824.55950571  9.96 323.332048 -10.277455 19.581 -100.00 -100.00 -100.00
  18     2.579 54834.47514383 25.84 323.325628 -10.268582 17.177 -100.00 -100.00 -100.00
  18     2.561 54834.47514442 31.19 323.326556 -10.271075 20.755 -100.00 -100.00 -100.00
  18     3.143 54834.47514560 36.18 323.328411 -10.276060 16.537 -100.00 -100.00 -100.00
  18     1.571 54834.47514619 39.10 323.329339 -10.278553   -100 -100.00 -100.00 -100.00
  20     2.406 54854.30644290 40.97 323.318672 -10.267808 26.372 -100.00 -100.00 -100.00
  20     2.159 54854.30644349 45.18 323.319599 -10.270301   -100 -100.00 -100.00 -100.00
  21   101.620 54864.22209146  4.79 323.316702 -10.266868 10.168 -100.00 -100.00 -100.00
  21   104.856 54864.22209205  0.75 323.317629 -10.269360  4.921 -100.00 -100.00 -100.00
  21   106.768 54864.22209264  0.56 323.318557 -10.271853  4.548 -100.00 -100.00 -100.00
  22    97.524 54874.13773977  6.83 323.316183 -10.266579 12.213 -100.00 -100.00 -100.00
  22   102.392 54874.13774036  0.56 323.317111 -10.269071  4.755 -100.00 -100.00 -100.00
  23     2.844 54884.05338565 36.84 323.317102 -10.266587 24.684 -100.00 -100.00 -100.00
  23     2.450 54884.05338624 40.95 323.318029 -10.269080   -100 -100.00 -100.00 -100.00
  23     2.858 54884.05338683 43.64 323.318956 -10.271572 30.645 -100.00 -100.00 -100.00
  24   101.535 54893.96902786 13.40 323.317714 -10.265845 24.479 -100.00 -100.00 -100.00
  24   102.655 54893.96902845 11.53 323.318641 -10.268337 17.282 -100.00 -100.00 -100.00
  24   103.756 54893.96902904 11.34 323.319569 -10.270829 20.881 -100.00 -100.00 -100.00
  25   102.083 54903.88466787 13.32 323.318167 -10.267032   -100 -100.00 -100.00 -100.00
  25   103.266 54903.88466846 13.92 323.319094 -10.269524   -100 -100.00 -100.00 -100.00
  25   104.679 54903.88466905  9.84 323.320022 -10.272016 23.287 -100.00 -100.00 -100.00
  26   101.698 54913.80030632 11.67 323.317699 -10.265827 27.326 -100.00 -100.00 -100.00
  26   102.918 54913.80030691 10.10 323.318627 -10.268319 21.290 -100.00 -100.00 -100.00
  26   104.174 54913.80030750 11.92 323.319554 -10.270811 27.142 -100.00 -100.00 -100.00
  27     2.460 54923.71594469 22.52 323.318156 -10.265844 15.374 -100.00 -100.00 -100.00
  27     2.544 54923.71594528 23.73 323.319084 -10.268337 17.368 -100.00 -100.00 -100.00
  27     2.669 54923.71594587 25.77 323.320011 -10.270829 22.891 -100.00 -100.00 -100.00
  28     2.343 54933.63158305 24.93 323.321140 -10.267795 20.444 -100.00 -100.00 -100.00
  28     2.370 54933.63158364 28.22 323.322067 -10.270287   -100 -100.00 -100.00 -100.00
  29   106.734 54943.54721912  6.44 323.325168 -10.267255  4.746 -100.00 -100.00 -100.00
  29   107.418 54943.54721971 10.48 323.326096 -10.269747 10.371 -100.00 -100.00 -100.00
  29   105.005 54943.54722030 14.40 323.327023 -10.272240 14.851 -100.00 -100.00 -100.00
  29   109.800 54943.54722089 13.24 323.327951 -10.274732 12.439 -100.00 -100.00 -100.00
  29   110.848 54943.54722148 13.46 323.328878 -10.277224 11.752 -100.00 -100.00 -100.00
  30   108.556 54953.46285351  0.20 323.330274 -10.268297  2.269 -100.00 -100.00 -100.00
  30   110.281 54953.46285410  0.39 323.331202 -10.270789  3.522 -100.00 -100.00 -100.00
  30   111.873 54953.46285469  5.18 323.332130 -10.273282  6.992 -100.00 -100.00 -100.00
  30   112.960 54953.46285528  9.03 323.333057 -10.275774  9.206 -100.00 -100.00 -100.00
  31   109.335 54963.37849828  1.83 323.329910 -10.269160  3.303 -100.00 -100.00 -100.00
  31   110.556 54963.37849887  1.94 323.330838 -10.271653  3.941 -100.00 -100.00 -100.00
  31   109.542 54963.37849946  5.71 323.331765 -10.274145  9.548 -100.00 -100.00 -100.00
  31   112.754 54963.37850005  8.97 323.332693 -10.276638 12.609 -100.00 -100.00 -100.00
  32   106.357 54973.29414599 10.11 323.326435 -10.267383  9.525 -100.00 -100.00 -100.00
  32   107.995 54973.29414658  8.36 323.327363 -10.269875  6.191 -100.00 -100.00 -100.00
  32   109.895 54973.29414717  6.35 323.328290 -10.272368  5.364 -100.00 -100.00 -100.00
  32   111.243 54973.29414776  5.01 323.329218 -10.274860  5.535 -100.00 -100.00 -100.00
  32   107.233 54973.29414835  8.85 323.330146 -10.277353  8.715 -100.00 -100.00 -100.00
  33   105.952 54983.20979286  8.62 323.324399 -10.266430  5.815 -100.00 -100.00 -100.00
  33   107.322 54983.20979345  5.84 323.325327 -10.268923  4.828 -100.00 -100.00 -100.00
  33   108.321 54983.20979404  8.47 323.326254 -10.271415  6.881 -100.00 -100.00 -100.00
  33   106.347 54983.20979522 15.06 323.328110 -10.276400 18.519 -100.00 -100.00 -100.00
  34    61.229 54993.12544010 23.75 323.324728 -10.268065 13.254 -100.00 -100.00 -100.00
  34    59.655 54993.12544069 15.84 323.325656 -10.270558  9.770 -100.00 -100.00 -100.00
  34    51.706 54993.12544246 19.75 323.328439 -10.278035 10.008 -100.00 -100.00 -100.00
  35   107.474 55003.04108558  3.57 323.323805 -10.266813  3.950 -100.00 -100.00 -100.00
  35   108.724 55003.04108618  5.06 323.324733 -10.269305  5.113 -100.00 -100.00 -100.00
  36   104.317 55012.95672917  5.30 323.322476 -10.265978  8.289 -100.00 -100.00 -100.00
  36   107.785 55012.95672976  0.76 323.323404 -10.268470  5.129 -100.00 -100.00 -100.00
  36   109.361 55012.95673035  1.85 323.324331 -10.270963  4.940 -100.00 -100.00 -100.00
  37     2.833 55022.87237214 30.97 323.322420 -10.267997 25.761 -100.00 -100.00 -100.00
  37     2.904 55022.87237273 31.07 323.323347 -10.270489 23.419 -100.00 -100.00 -100.00
  38   102.205 55032.78801368 10.80 323.321297 -10.266151 19.665 -100.00 -100.00 -100.00
  38   103.261 55032.78801427 13.15 323.322225 -10.268643 28.363 -100.00 -100.00 -100.00
  39   104.256 55042.70365536  6.15 323.322290 -10.266312  6.030 -100.00 -100.00 -100.00
  39   103.636 55042.70365595  6.08 323.323218 -10.268805  7.273 -100.00 -100.00 -100.00
  40    56.224 55052.61929609 11.21 323.325830 -10.267297 15.257 -100.00 -100.00 -100.00
  40    56.643 55052.61929668 13.67 323.326758 -10.269790 26.514 -100.00 -100.00 -100.00
  40    57.290 55052.61929727 14.30 323.327685 -10.272283 26.110 -100.00 -100.00 -100.00
  40    57.679 55052.61929786 15.39 323.328613 -10.274776 30.240 -100.00 -100.00 -100.00
  40    58.101 55052.61929845 16.80 323.329540 -10.277268 26.931 -100.00 -100.00 -100.00
  41   108.742 55062.53493474  7.67 323.329467 -10.268602  3.480 -100.00 -100.00 -100.00
  41   109.621 55062.53493533  9.26 323.330395 -10.271095  4.755 -100.00 -100.00 -100.00
  41   109.270 55062.53493592 10.11 323.331323 -10.273588  4.655 -100.00 -100.00 -100.00
  41   112.751 55062.53493651 10.00 323.332250 -10.276081  4.962 -100.00 -100.00 -100.00
  42   106.618 55072.45057866  5.53 323.328294 -10.267468  4.021 -100.00 -100.00 -100.00
  42   107.792 55072.45057925  5.62 323.329221 -10.269961  4.033 -100.00 -100.00 -100.00
  42   111.199 55072.45057984  8.41 323.330149 -10.272453  7.706 -100.00 -100.00 -100.00
  42   111.785 55072.45058043  8.16 323.331077 -10.274946  5.724 -100.00 -100.00 -100.00
  42   107.310 55072.45058102  9.12 323.332005 -10.277439  6.069 -100.00 -100.00 -100.00
  43    56.585 55082.36622717  8.30 323.325279 -10.268514 10.266 -100.00 -100.00 -100.00
  43    57.032 55082.36622776  8.59 323.326207 -10.271007 10.619 -100.00 -100.00 -100.00
  43    73.633 55082.36622894 12.35 323.328063 -10.275992 10.727 -100.00 -100.00 -100.00
  43    58.148 55082.36622953 17.52 323.328991 -10.278485 16.348 -100.00 -100.00 -100.00
  44   102.321 55092.28187322  8.14 323.321478 -10.266677 15.059 -100.00 -100.00 -100.00
  44   103.292 55092.28187381 10.02 323.322406 -10.269170 19.103 -100.00 -100.00 -100.00
  45    52.047 55102.19751905 19.71 323.319478 -10.265763 11.980 -100.00 -100.00 -100.00
  45    51.281 55102.19751964 25.03 323.320406 -10.268255 15.994 -100.00 -100.00 -100.00
  45    52.415 55102.19752023 29.10 323.321334 -10.270748 29.493 -100.00 -100.00 -100.00
  46    52.881 55112.11316490 20.94 323.319541 -10.266331 13.716 -100.00 -100.00 -100.00
  46    52.184 55112.11316549 26.08 323.320468 -10.268824 18.018 -100.00 -100.00 -100.00
  46    50.998 55112.11316608 29.97 323.321396 -10.271317   -100 -100.00 -100.00 -100.00
  47    53.640 55122.02880871 20.96 323.321421 -10.267292 11.994 -100.00 -100.00 -100.00
  47    53.062 55122.02880930 18.66 323.322349 -10.269785   -100 -100.00 -100.00 -100.00
  48     2.727 55131.94444963 25.37 323.323426 -10.267955 17.398 -100.00 -100.00 -100.00
  48     2.699 55131.94445022 27.77 323.324353 -10.270448 25.678 -100.00 -100.00 -100.00
  49    55.783 55141.86008839  7.62 323.324046 -10.267680 13.471 -100.00 -100.00 -100.00
  49    56.152 55141.86008898 10.28 323.324974 -10.270173 21.592 -100.00 -100.00 -100.00
  50     3.379 55151.77572689 23.27 323.324119 -10.267735 12.057 -100.00 -100.00 -100.00
  50     3.284 55151.77572748 24.61 323.325046 -10.270227 13.662 -100.00 -100.00 -100.00
  51    55.863 55161.69136623 11.45 323.325656 -10.268616 24.331 -100.00 -100.00 -100.00
  51    56.563 55161.69136682 12.64 323.326583 -10.271109 25.682 -100.00 -100.00 -100.00
  51    57.355 55161.69136800 15.96 323.328439 -10.276094   -100 -100.00 -100.00 -100.00
  51    57.660 55161.69136859 17.04 323.329366 -10.278587   -100 -100.00 -100.00 -100.00
  52     3.366 55171.60700478 24.19 323.327391 -10.266717 12.581 -100.00 -100.00 -100.00
  52     3.214 55171.60700537 25.18 323.328318 -10.269210 18.919 -100.00 -100.00 -100.00
  52     3.562 55171.60700596 30.25 323.329246 -10.271703 28.975 -100.00 -100.00 -100.00
  52     2.512 55171.60700655 30.94 323.330173 -10.274195   -100 -100.00 -100.00 -100.00
  52     3.356 55171.60700714 24.83 323.331101 -10.276688 18.162 -100.00 -100.00 -100.00
  53   109.436 55181.52264279  3.99 323.330974 -10.268657  6.522 -100.00 -100.00 -100.00
  53   110.909 55181.52264338  4.00 323.331901 -10.271150  6.202 -100.00 -100.00 -100.00
  53   111.780 55181.52264397 11.36 323.332829 -10.273642 19.690 -100.00 -100.00 -100.00
  53   113.032 55181.52264456 11.10 323.333756 -10.276135 17.277 -100.00 -100.00 -100.00
  54    52.461 55191.43829223 12.45 323.327024 -10.266618  7.284 -100.00 -100.00 -100.00
  54    52.091 55191.43829282 17.81 323.327951 -10.269111 14.414 -100.00 -100.00 -100.00
  54    51.545 55191.43829341 19.09 323.328879 -10.271603 25.426 -100.00 -100.00 -100.00
  54    51.908 55191.43829400 24.12 323.329806 -10.274096 17.023 -100.00 -100.00 -100.00
  54    51.411 55191.43829459 23.85 323.330734 -10.276588 20.934 -100.00 -100.00 -100.00
  55   106.354 55201.35394235  3.28 323.322114 -10.265884  5.298 -100.00 -100.00 -100.00
  55   107.664 55201.35394294  2.98 323.323041 -10.268377  5.822 -100.00 -100.00 -100.00
  55   109.199 55201.35394353  3.13 323.323969 -10.270869  6.029 -100.00 -100.00 -100.00
  56   112.904 55211.26959235  0.42 323.319677 -10.267813  4.151 -100.00 -100.00 -100.00
  56   116.057 55211.26959294  1.16 323.320605 -10.270306  4.832 -100.00 -100.00 -100.00
  57   104.384 55221.18524100  2.83 323.318339 -10.266173  8.242 -100.00 -100.00 -100.00
  57   107.257 55221.18524159  1.13 323.319266 -10.268665  6.866 -100.00 -100.00 -100.00
  57   107.407 55221.18524218  2.50 323.320194 -10.271158  7.696 -100.00 -100.00 -100.00
  58   106.265 55231.10088946  2.25 323.319564 -10.268759  7.255 -100.00 -100.00 -100.00
  58   107.399 55231.10089005  2.94 323.320491 -10.271251  8.675 -100.00 -100.00 -100.00
  59     3.821 55241.01653346 38.06 323.319607 -10.266053 19.266 -100.00 -100.00 -100.00
  59     3.241 55241.01653405 42.16 323.320535 -10.268545 29.123 -100.00 -100.00 -100.00
  59     3.199 55241.01653464 48.11 323.321462 -10.271037   -100 -100.00 -100.00 -100.00
  60   102.573 55250.93217463  8.09 323.319750 -10.267161 17.920 -100.00 -100.00 -100.00
  60   103.433 55250.93217522 10.89 323.320677 -10.269653 28.317 -100.00 -100.00 -100.00
  61     2.194 55260.84781319 25.93 323.318260 -10.266230 28.003 -100.00 -100.00 -100.00
  61     2.343 55260.84781378 26.92 323.319188 -10.268722   -100 -100.00 -100.00 -100.00
  61     2.289 55260.84781437 28.85 323.320115 -10.271214   -100 -100.00 -100.00 -100.00
  62   106.073 55270.76345169  4.38 323.318713 -10.267186  6.200 -100.00 -100.00 -100.00
  62   107.303 55270.76345228  4.81 323.319641 -10.269678  7.855 -100.00 -100.00 -100.00
  63   104.046 55280.67909018  7.06 323.320455 -10.266843  8.556 -100.00 -100.00 -100.00
  63   103.710 55280.67909077 11.84 323.321383 -10.269335 16.707 -100.00 -100.00 -100.00
  64    55.004 55290.59472789  5.95 323.324076 -10.267448  8.752 -100.00 -100.00 -100.00
  64    55.860 55290.59472848  7.03 323.325003 -10.269940  9.921 -100.00 -100.00 -100.00
  65   108.586 55300.51036362  1.97 323.328858 -10.269154  3.856 -100.00 -100.00 -100.00
  65   110.377 55300.51036421  3.38 323.329786 -10.271647  4.532 -100.00 -100.00 -100.00
  65   112.304 55300.51036539  6.62 323.331641 -10.276631  9.314 -100.00 -100.00 -100.00
  66    77.723 55310.42600963 19.74 323.327324 -10.267673  9.007 -100.00 -100.00 -100.00
  66    73.572 55310.42601022 23.08 323.328252 -10.270166 10.708 -100.00 -100.00 -100.00
  66    72.139 55310.42601081 26.59 323.329179 -10.272658   -100 -100.00 -100.00 -100.00
  66    56.611 55310.42601140 16.88 323.330107 -10.275151   -100 -100.00 -100.00 -100.00
  66    56.852 55310.42601199 20.22 323.331035 -10.277643 10.464 -100.00 -100.00 -100.00
  67   106.436 55320.34165518  9.69 323.325053 -10.267622  9.111 -100.00 -100.00 -100.00
  67   107.553 55320.34165577  9.28 323.325980 -10.270114  9.642 -100.00 -100.00 -100.00
  67   110.039 55320.34165695  7.71 323.327836 -10.275099  7.812 -100.00 -100.00 -100.00
  67   110.924 55320.34165754 11.54 323.328763 -10.277591 15.656 -100.00 -100.00 -100.00
  68     3.002 55330.25729920 43.22 323.322753 -10.267063 21.939 -100.00 -100.00 -100.00
  68     2.499 55330.25729979 46.47 323.323681 -10.269555 32.514 -100.00 -100.00 -100.00
  69   102.579 55340.17294307  5.60 323.322053 -10.267105 11.648 -100.00 -100.00 -100.00
  69   103.995 55340.17294366  4.25 323.322981 -10.269598  9.165 -100.00 -100.00 -100.00
  70     2.636 55350.08858665 41.18 323.322972 -10.266690 26.882 -100.00 -100.00 -100.00
  70     3.141 55350.08858724 44.17 323.323899 -10.269182 20.230 -100.00 -100.00 -100.00
  71    55.394 55360.00422860 13.33 323.325045 -10.268233 10.246 -100.00 -100.00 -100.00
  71    48.664 55360.00422919 13.41 323.325973 -10.270725  8.734 -100.00 -100.00 -100.00
  71    57.071 55360.00423037 16.23 323.327828 -10.275710 24.267 -100.00 -100.00 -100.00
  71    48.150 55360.00423096 24.16 323.328755 -10.278203 21.468 -100.00 -100.00 -100.00
  72    44.218 55369.91986746 18.56 323.324687 -10.266442 11.356 -100.00 -100.00 -100.00
  72    45.985 55369.91986805 21.90 323.325615 -10.268935 10.788 -100.00 -100.00 -100.00
  72    46.744 55369.91986864 26.85 323.326542 -10.271428   -100 -100.00 -100.00 -100.00
  72    49.443 55369.91986983 25.76 323.328397 -10.276413   -100 -100.00 -100.00 -100.00
  73    73.319 55379.83550547  5.71 323.324839 -10.266619  7.293 -100.00 -100.00 -100.00
  73    75.277 55379.83550606  8.71 323.325766 -10.269111 10.169 -100.00 -100.00 -100.00
  73    56.642 55379.83550665 11.32 323.326694 -10.271604 16.323 -100.00 -100.00 -100.00
  73    67.027 55379.83550724 12.12 323.327621 -10.274097 17.230 -100.00 -100.00 -100.00
  73    63.163 55379.83550783 13.50 323.328549 -10.276589 14.555 -100.00 -100.00 -100.00
  74   106.579 55389.75114326  9.30 323.326072 -10.267629  8.562 -100.00 -100.00 -100.00
  74   107.743 55389.75114385 12.02 323.326999 -10.270122 11.555 -100.00 -100.00 -100.00
  74   108.820 55389.75114444 13.73 323.327927 -10.272615 13.506 -100.00 -100.00 -100.00
  74   110.039 55389.75114503 10.68 323.328854 -10.275108  8.680 -100.00 -100.00 -100.00
  74   112.320 55389.75114562  8.16 323.329782 -10.277600  6.732 -100.00 -100.00 -100.00
  75   106.914 55399.66678004  6.98 323.328740 -10.267061  7.364 -100.00 -100.00 -100.00
  75   108.718 55399.66678063  4.13 323.329668 -10.269554  5.245 -100.00 -100.00 -100.00
  75   110.516 55399.66678122  3.40 323.330596 -10.272047  4.147 -100.00 -100.00 -100.00
  75   109.952 55399.66678181  8.24 323.331523 -10.274540  9.228 -100.00 -100.00 -100.00
  75   111.116 55399.66678240 10.98 323.332451 -10.277033 13.104 -100.00 -100.00 -100.00
  76   104.033 55409.58242739  4.73 323.330046 -10.267617  4.555 -100.00 -100.00 -100.00
  76   110.385 55409.58242798  6.27 323.330974 -10.270110  5.956 -100.00 -100.00 -100.00
  76   110.700 55409.58242857  7.41 323.331901 -10.272603  6.791 -100.00 -100.00 -100.00
  76   112.752 55409.58242916 10.01 323.332829 -10.275095 10.341 -100.00 -100.00 -100.00
  77     3.169 55419.49807879 30.22 323.329967 -10.271252 21.713 -100.00 -100.00 -100.00
  77     3.326 55419.49807938 30.23 323.330894 -10.273745 18.863 -100.00 -100.00 -100.00
  77     7.138 55419.49807997 26.70 323.331822 -10.276238 18.956 -100.00 -100.00 -100.00
  78    46.908 55429.41372488 15.44 323.325534 -10.266886  9.173 -100.00 -100.00 -100.00
  78    47.411 55429.41372547 19.54 323.326462 -10.269379 14.756 -100.00 -100.00 -100.00
  78    48.736 55429.41372606 23.94 323.327389 -10.271872 25.551 -100.00 -100.00 -100.00
  78    50.633 55429.41372665 27.12 323.328317 -10.274365 20.544 -100.00 -100.00 -100.00
  78    57.107 55429.41372724 19.59 323.329245 -10.276857   -100 -100.00 -100.00 -100.00
  79   104.702 55439.32936909  7.61 323.322142 -10.266607 11.129 -100.00 -100.00 -100.00
  79   103.532 55439.32936968 10.05 323.323070 -10.269100 15.243 -100.00 -100.00 -100.00
  80   102.218 55449.24501200  8.48 323.320624 -10.267187 21.012 -100.00 -100.00 -100.00
  80   103.477 55449.24501259 11.63 323.321552 -10.269679 30.152 -100.00 -100.00 -100.00
  81   101.994 55459.16065433 10.50 323.321150 -10.266636 23.141 -100.00 -100.00 -100.00
  81   102.988 55459.16065492  5.73 323.322078 -10.269128 11.385 -100.00 -100.00 -100.00
  82     2.529 55469.07629615 26.52 323.323605 -10.267154 17.973 -100.00 -100.00 -100.00
  82     2.410 55469.07629674 28.44 323.324533 -10.269647 27.537 -100.00 -100.00 -100.00
  83     3.955 55478.99193502 27.58 323.327021 -10.268580 18.431 -100.00 -100.00 -100.00
  83     4.009 55478.99193561 34.21 323.327949 -10.271073 32.395 -100.00 -100.00 -100.00
  83     3.683 55478.99193620 34.68 323.328877 -10.273566 18.328 -100.00 -100.00 -100.00
  83     4.000 55478.99193679 29.39 323.329805 -10.276058 17.542 -100.00 -100.00 -100.00
  84    55.823 55488.90757055 11.03 323.329122 -10.267924 21.701 -100.00 -100.00 -100.00
  84    56.337 55488.90757114 12.21 323.330049 -10.270416 22.535 -100.00 -100.00 -100.00
  84    56.473 55488.90757173 14.00 323.330977 -10.272909   -100 -100.00 -100.00 -100.00
  84    56.975 55488.90757232 16.11 323.331905 -10.275402   -100 -100.00 -100.00 -100.00
  85   104.450 55498.82320455  8.24 323.331254 -10.269471 12.583 -100.00 -100.00 -100.00
  85   111.035 55498.82320514  2.77 323.332182 -10.271964  4.727 -100.00 -100.00 -100.00
  85   112.184 55498.82320573  5.94 323.333109 -10.274456  8.809 -100.00 -100.00 -100.00
  85   113.266 55498.82320632  6.52 323.334037 -10.276949  8.556 -100.00 -100.00 -100.00
  86     2.163 55508.73884404 30.48 323.330510 -10.269363   -100 -100.00 -100.00 -100.00
  86     1.963 55508.73884463 32.26 323.331438 -10.271855   -100 -100.00 -100.00 -100.00
  86     5.924 55508.73884522 33.32 323.332365 -10.274348 28.730 -100.00 -100.00 -100.00
  86     7.153 55508.73884581 34.95 323.333293 -10.276841   -100 -100.00 -100.00 -100.00
  87     2.658 55518.65449416 23.45 323.327188 -10.268532 13.629 -100.00 -100.00 -100.00
  87     2.898 55518.65449475 27.55 323.328116 -10.271025 20.842 -100.00 -100.00 -100.00
  87     3.014 55518.65449534 30.54 323.329044 -10.273518 18.984 -100.00 -100.00 -100.00
  87     2.854 55518.65449594 32.61 323.329971 -10.276011 19.538 -100.00 -100.00 -100.00
  88    55.202 55528.57014364  7.05 323.325571 -10.267625 13.188 -100.00 -100.00 -100.00
  88    55.539 55528.57014423 11.12 323.326499 -10.270118 26.088 -100.00 -100.00 -100.00
  88    56.096 55528.57014482 11.10 323.327426 -10.272611 14.396 -100.00 -100.00 -100.00
  88    56.760 55528.57014541 12.87 323.328354 -10.275104 16.144 -100.00 -100.00 -100.00
  88    56.918 55528.57014600 14.88 323.329282 -10.277596   -100 -100.00 -100.00 -100.00
  89    54.821 55538.48579127  9.04 323.324263 -10.266391 16.686 -100.00 -100.00 -100.00
  89    55.423 55538.48579186  7.78 323.325191 -10.268884 15.273 -100.00 -100.00 -100.00
  89    55.764 55538.48579245  6.83 323.326118 -10.271377 12.648 -100.00 -100.00 -100.00
  89    56.635 55538.48579363 11.51 323.327974 -10.276362 20.284 -100.00 -100.00 -100.00
  89    57.194 55538.48579422 11.70 323.328901 -10.278855 22.485 -100.00 -100.00 -100.00
  90   104.121 55548.40143704  4.77 323.323275 -10.267142 10.307 -100.00 -100.00 -100.00
  90   107.413 55548.40143763  3.20 323.324203 -10.269635  8.511 -100.00 -100.00 -100.00
  91    50.199 55558.31708042 22.05 323.320904 -10.266439 24.173 -100.00 -100.00 -100.00
  91    50.289 55558.31708101 23.17 323.321831 -10.268931 18.966 -100.00 -100.00 -100.00
  92    58.436 55568.23272332 15.83 323.320523 -10.267910 10.139 -100.00 -100.00 -100.00
  92    55.206 55568.23272391 25.44 323.321450 -10.270403 12.183 -100.00 -100.00 -100.00
  93    51.093 55578.14836457 18.00 323.321253 -10.265923 11.740 -100.00 -100.00 -100.00
  93    50.294 55578.14836516 23.23 323.322181 -10.268415 16.653 -100.00 -100.00 -100.00
  93    49.549 55578.14836575 27.71 323.323108 -10.270908   -100 -100.00 -100.00 -100.00
  94     2.364 55588.06400433 40.99 323.324659 -10.266936   -100 -100.00 -100.00 -100.00
  94     2.790 55588.06400492 44.18 323.325587 -10.269429   -100 -100.00 -100.00 -100.00
  94     2.642 55588.06400551 46.60 323.326514 -10.271921   -100 -100.00 -100.00 -100.00
  94     2.466 55588.06400669 51.34 323.328369 -10.276906  5.702 -100.00 -100.00 -100.00
  95     2.433 55597.97964093 32.23 323.328593 -10.267570   -100 -100.00 -100.00 -100.00
  95     2.846 55597.97964153 31.83 323.329521 -10.270062 30.384 -100.00 -100.00 -100.00
  95     2.819 55597.97964212 34.47 323.330449 -10.272555 27.913 -100.00 -100.00 -100.00
  95     2.838 55597.97964271 37.22 323.331376 -10.275047 26.411 -100.00 -100.00 -100.00
  96     3.102 55607.89527457 23.80 323.330588 -10.267320 18.929 -100.00 -100.00 -100.00
  96     2.810 55607.89527516 25.87 323.331515 -10.269812 28.494 -100.00 -100.00 -100.00
  96     5.173 55607.89527575 24.05 323.332443 -10.272305 16.413 -100.00 -100.00 -100.00
  96     5.839 55607.89527634 30.18 323.333371 -10.274797   -100 -100.00 -100.00 -100.00
  97     2.676 55617.81090686 30.77 323.332235 -10.268744   -100 -100.00 -100.00 -100.00
  97     2.522 55617.81090745 31.89 323.333163 -10.271236   -100 -100.00 -100.00 -100.00
  97     5.600 55617.81090804 24.72 323.334090 -10.273728 19.831 -100.00 -100.00 -100.00
  97     5.742 55617.81090863 33.51 323.335018 -10.276221   -100 -100.00 -100.00 -100.00
  98     2.387 55627.72655260 31.44 323.329467 -10.268159 30.930 -100.00 -100.00 -100.00
  98     2.326 55627.72655319 31.48 323.330395 -10.270651 32.032 -100.00 -100.00 -100.00
  98     2.234 55627.72655378 36.59 323.331322 -10.273143   -100 -100.00 -100.00 -100.00
  98     2.022 55627.72655437 38.21 323.332250 -10.275636   -100 -100.00 -100.00 -100.00
  99     3.782 55637.64220400 36.60 323.326827 -10.266871 16.160 -100.00 -100.00 -100.00
  99     3.646 55637.64220459 39.21 323.327754 -10.269364 21.607 -100.00 -100.00 -100.00
  99     3.695 55637.64220519 43.20 323.328682 -10.271856 26.182 -100.00 -100.00 -100.00
  99     3.963 55637.64220578 45.69 323.329609 -10.274348 19.836 -100.00 -100.00 -100.00
  99     3.385 55637.64220637 47.56 323.330537 -10.276841 28.304 -100.00 -100.00 -100.00
 100    70.984 55647.55785420  5.36 323.326751 -10.268283 10.221 -100.00 -100.00 -100.00
 100    78.792 55647.55785479  1.17 323.327679 -10.270776  4.341 -100.00 -100.00 -100.00
 100    72.048 55647.55785538  9.09 323.328606 -10.273268 10.428 -100.00 -100.00 -100.00
 100    55.484 55647.55785597  7.40 323.329534 -10.275761 15.954 -100.00 -100.00 -100.00
 101   106.832 55657.47350110 12.19 323.326139 -10.268133 20.470 -100.00 -100.00 -100.00
 101   107.848 55657.47350169 15.03 323.327067 -10.270625 30.654 -100.00 -100.00 -100.00
 101   105.745 55657.47350228 15.04 323.327994 -10.273118   -100 -100.00 -100.00 -100.00
 101   111.182 55657.47350287  2.46 323.328922 -10.275610  5.914 -100.00 -100.00 -100.00
 101   112.925 55657.47350346  4.51 323.329849 -10.278102  7.985 -100.00 -100.00 -100.00
 102    51.945 55667.38914367 19.75 323.325305 -10.268118 10.975 -100.00 -100.00 -100.00
 102    49.396 55667.38914426 24.02 323.326232 -10.270611 14.320 -100.00 -100.00 -100.00
 102    55.001 55667.38914544 14.85 323.328088 -10.275596 32.681 -100.00 -100.00 -100.00
 102    49.423 55667.38914603 20.90 323.329015 -10.278088   -100 -100.00 -100.00 -100.00
 103    50.047 55677.30478280 17.63 323.324045 -10.266551 10.114 -100.00 -100.00 -100.00
 103    49.242 55677.30478339 22.15 323.324973 -10.269044 13.750 -100.00 -100.00 -100.00
 103    54.229 55677.30478398 13.95 323.325900 -10.271536 23.598 -100.00 -100.00 -100.00
 103    46.299 55677.30478575 22.17 323.328683 -10.279013 14.438 -100.00 -100.00 -100.00
 104   106.739 55687.22042059  7.64 323.325270 -10.268199  7.976 -100.00 -100.00 -100.00
 104   108.100 55687.22042118  6.30 323.326198 -10.270691  6.321 -100.00 -100.00 -100.00
 104   110.129 55687.22042237 13.62 323.328053 -10.275676 17.831 -100.00 -100.00 -100.00
 104   111.232 55687.22042296 11.57 323.328981 -10.278168 13.448 -100.00 -100.00 -100.00
 105   106.454 55697.13605661  8.31 323.327281 -10.267830 11.363 -100.00 -100.00 -100.00
 105   108.416 55697.13605720  3.02 323.328208 -10.270322  4.834 -100.00 -100.00 -100.00
 105   111.051 55697.13605779  4.07 323.329136 -10.272815  5.188 -100.00 -100.00 -100.00
 105   110.352 55697.13605838  6.56 323.330063 -10.275307 10.069 -100.00 -100.00 -100.00
 106   109.986 55707.05169142  1.67 323.331088 -10.267769  3.290 -100.00 -100.00 -100.00
 106   111.080 55707.05169201  2.45 323.332016 -10.270262  4.024 -100.00 -100.00 -100.00
 106   113.981 55707.05169260  4.12 323.332943 -10.272754  6.307 -100.00 -100.00 -100.00
 106   112.547 55707.05169319  6.32 323.333871 -10.275247  9.557 -100.00 -100.00 -100.00
 107     2.091 55716.96734222 49.70 323.330653 -10.270776   -100 -100.00 -100.00 -100.00
 107     2.077 55716.96734281 45.51 323.331581 -10.273268 18.450 -100.00 -100.00 -100.00
 107     2.231 55716.96734340 50.56 323.332508 -10.275761  8.779 -100.00 -100.00 -100.00
 108    63.677 55726.88298941 15.77 323.327144 -10.268121 17.717 -100.00 -100.00 -100.00
 108    63.135 55726.88299000 17.04 323.328072 -10.270614 18.365 -100.00 -100.00 -100.00
 108    62.121 55726.88299059 15.47 323.328999 -10.273106 22.871 -100.00 -100.00 -100.00
 108    61.281 55726.88299118 22.98 323.329927 -10.275599   -100 -100.00 -100.00 -100.00
 109   107.509 55736.79863563  4.45 323.324604 -10.267599  5.419 -100.00 -100.00 -100.00
 109   107.427 55736.79863622  4.89 323.325531 -10.270092  6.687 -100.00 -100.00 -100.00
 109   110.913 55736.79863799  9.21 323.328314 -10.277570 10.590 -100.00 -100.00 -100.00
 110   103.193 55746.71428096  8.82 323.323072 -10.267489 14.472 -100.00 -100.00 -100.00
 110   106.126 55746.71428155  4.65 323.324000 -10.269982  5.983 -100.00 -100.00 -100.00
 111   105.230 55756.62992449  5.18 323.322940 -10.266618  5.093 -100.00 -100.00 -100.00
 111   107.480 55756.62992508  4.47 323.323868 -10.269111  4.707 -100.00 -100.00 -100.00
 112   105.897 55766.54556592 11.13 323.325077 -10.266673 13.245 -100.00 -100.00 -100.00
 112   108.156 55766.54556651  9.12 323.326004 -10.269166  9.743 -100.00 -100.00 -100.00
 112   109.441 55766.54556710  8.35 323.326932 -10.271658  7.434 -100.00 -100.00 -100.00
 112   109.791 55766.54556769 11.07 323.327860 -10.274151 12.080 -100.00 -100.00 -100.00
 112   110.688 55766.54556828 12.09 323.328787 -10.276644 14.622 -100.00 -100.00 -100.00
 113   106.438 55776.46120450  4.11 323.327451 -10.266742  6.284 -100.00 -100.00 -100.00
 113   107.469 55776.46120509  6.50 323.328379 -10.269235 10.469 -100.00 -100.00 -100.00
 113   108.769 55776.46120568  8.95 323.329307 -10.271728 12.679 -100.00 -100.00 -100.00
 113   109.630 55776.46120627  6.55 323.330235 -10.274221 10.442 -100.00 -100.00 -100.00
 113   110.791 55776.46120686  7.99 323.331163 -10.276714 11.203 -100.00 -100.00 -100.00
 114    74.424 55786.37684043 14.00 323.329540 -10.268278 11.121 -100.00 -100.00 -100.00
 114    73.512 55786.37684102 16.99 323.330468 -10.270771 17.414 -100.00 -100.00 -100.00
 114    66.466 55786.37684161 12.87 323.331396 -10.273263 13.291 -100.00 -100.00 -100.00
 114    56.938 55786.37684220 14.38 323.332324 -10.275756 18.765 -100.00 -100.00 -100.00
 115   108.519 55796.29247383  5.04 323.330644 -10.267942  5.401 -100.00 -100.00 -100.00
 115   109.926 55796.29247442  6.12 323.331571 -10.270434  5.270 -100.00 -100.00 -100.00
 115   111.913 55796.29247501  5.94 323.332499 -10.272927  6.229 -100.00 -100.00 -100.00
 115   112.933 55796.29247560  9.16 323.333427 -10.275420  9.502 -100.00 -100.00 -100.00
 116   108.991 55806.20811447  1.72 323.330795 -10.268661  6.004 -100.00 -100.00 -100.00
 116   110.316 55806.20811506  3.11 323.331723 -10.271154  8.069 -100.00 -100.00 -100.00
 116   112.159 55806.20811565  2.63 323.332650 -10.273647  5.965 -100.00 -100.00 -100.00
 116   113.108 55806.20811624  2.75 323.333578 -10.276139  6.225 -100.00 -100.00 -100.00
 117   110.133 55816.12376323  2.57 323.330213 -10.269727  5.858 -100.00 -100.00 -100.00
 117   111.527 55816.12376382  2.26 323.331140 -10.272219  5.230 -100.00 -100.00 -100.00
 117   112.535 55816.12376441  3.45 323.332068 -10.274712  5.701 -100.00 -100.00 -100.00
 117   114.151 55816.12376500  2.80 323.332996 -10.277205  5.198 -100.00 -100.00 -100.00
 118   108.878 55826.03940874  1.30 323.330731 -10.269069  5.380 -100.00 -100.00 -100.00
 118   111.136 55826.03940933  2.03 323.331659 -10.271562  5.449 -100.00 -100.00 -100.00
 118   114.294 55826.03940992  1.74 323.332587 -10.274054  5.052 -100.00 -100.00 -100.00
 118   115.979 55826.03941051  3.82 323.333514 -10.276547  7.849 -100.00 -100.00 -100.00
 119     3.109 55835.95505014 35.61 323.331928 -10.269643 31.189 -100.00 -100.00 -100.00
 119     3.559 55835.95505073 36.53 323.332855 -10.272135 21.319 -100.00 -100.00 -100.00
 119     5.528 55835.95505132 41.39 323.333783 -10.274628 18.323 -100.00 -100.00 -100.00
 120   108.424 55845.87068762  4.53 323.331587 -10.267494  9.066 -100.00 -100.00 -100.00
 120   110.311 55845.87068821 10.57 323.332515 -10.269987 15.354 -100.00 -100.00 -100.00
 120   111.141 55845.87068880  9.39 323.333442 -10.272480 15.288 -100.00 -100.00 -100.00
 120   112.254 55845.87068939 12.99 323.334370 -10.274972 27.051 -100.00 -100.00 -100.00
 121   110.110 55855.78632376  2.58 323.333040 -10.269384  4.400 -100.00 -100.00 -100.00
 121   111.147 55855.78632435  8.06 323.333967 -10.271876  9.756 -100.00 -100.00 -100.00
 121   111.932 55855.78632494  7.23 323.334895 -10.274369  9.657 -100.00 -100.00 -100.00
 122   109.921 55865.70196533  4.62 323.331975 -10.268818  8.021 -100.00 -100.00 -100.00
 122   111.010 55865.70196592  9.45 323.332903 -10.271311 16.461 -100.00 -100.00 -100.00
 122   111.803 55865.70196651  5.19 323.333831 -10.273804  7.603 -100.00 -100.00 -100.00
 122   112.832 55865.70196710  5.94 323.334758 -10.276297  8.991 -100.00 -100.00 -100.00
 123   106.928 55875.61761813  9.51 323.328352 -10.268036 16.722 -100.00 -100.00 -100.00
 123   108.494 55875.61761872  6.71 323.329279 -10.270529  9.558 -100.00 -100.00 -100.00
 123   110.800 55875.61761931  6.57 323.330207 -10.273021  9.090 -100.00 -100.00 -100.00
 123   112.506 55875.61761990  7.38 323.331135 -10.275514 10.844 -100.00 -100.00 -100.00
 133     3.546 55974.77405303 26.35 323.325262 -10.267550 17.391 -100.00 -100.00 -100.00
 133     3.795 55974.77405363 28.81 323.326190 -10.270043 22.600 -100.00 -100.00 -100.00
 133     3.513 55974.77405481 30.78 323.328045 -10.275027 27.163 -100.00 -100.00 -100.00
 133     3.675 55974.77405540 29.27 323.328973 -10.277519 24.135 -100.00 -100.00 -100.00
 134   107.605 55984.68969008  6.54 323.327350 -10.268064  9.835 -100.00 -100.00 -100.00
 134   107.748 55984.68969067  9.80 323.328277 -10.270556 14.795 -100.00 -100.00 -100.00
 134   108.943 55984.68969126 11.42 323.329205 -10.273048 16.505 -100.00 -100.00 -100.00
 134   110.305 55984.68969185 10.99 323.330132 -10.275541 16.612 -100.00 -100.00 -100.00
 135   110.060 55994.60532507  4.47 323.331905 -10.268832  3.533 -100.00 -100.00 -100.00
 135   111.202 55994.60532566  5.19 323.332833 -10.271325  4.370 -100.00 -100.00 -100.00
 135   112.187 55994.60532625  9.23 323.333760 -10.273817  8.378 -100.00 -100.00 -100.00
 135   112.863 55994.60532684 12.09 323.334688 -10.276310 12.658 -100.00 -100.00 -100.00
 136   106.256 56004.52097706  7.62 323.329531 -10.267590 14.223 -100.00 -100.00 -100.00
 136   109.928 56004.52097765  3.77 323.330459 -10.270082  7.229 -100.00 -100.00 -100.00
 136   111.504 56004.52097824  1.27 323.331386 -10.272575  5.350 -100.00 -100.00 -100.00
 136   112.257 56004.52097883  9.14 323.332314 -10.275067 18.219 -100.00 -100.00 -100.00
 137    48.849 56014.43662600 22.25 323.327261 -10.268087 12.416 -100.00 -100.00 -100.00
 137    49.781 56014.43662659 25.30 323.328189 -10.270579 16.601 -100.00 -100.00 -100.00
 137    48.664 56014.43662718 19.64 323.329117 -10.273071   -100 -100.00 -100.00 -100.00
 137    50.479 56014.43662777 20.22 323.330044 -10.275564   -100 -100.00 -100.00 -100.00
 139     3.278 56034.26791415 40.58 323.321999 -10.266862 22.133 -100.00 -100.00 -100.00
 139     3.441 56034.26791474 45.70 323.322927 -10.269355 23.061 -100.00 -100.00 -100.00
 141     3.638 56054.09919335 41.74 323.325626 -10.267800 18.937 -100.00 -100.00 -100.00
 141     3.624 56054.09919394 46.68 323.326553 -10.270292 24.566 -100.00 -100.00 -100.00
 141     3.348 56054.09919453 53.09 323.327480 -10.272785   -100 -100.00 -100.00 -100.00
 141     3.397 56054.09919512 46.76 323.328408 -10.275277 32.343 -100.00 -100.00 -100.00
 141     2.932 56054.09919571 51.21 323.329335 -10.277769   -100 -100.00 -100.00 -100.00
 142   108.220 56064.01482778  1.22 323.329003 -10.267032  4.923 -100.00 -100.00 -100.00
 142   109.065 56064.01482838  3.62 323.329930 -10.269525  8.524 -100.00 -100.00 -100.00
 142   110.719 56064.01482897  2.61 323.330857 -10.272017  6.531 -100.00 -100.00 -100.00
 142   112.165 56064.01482956  3.24 323.331785 -10.274510  6.779 -100.00 -100.00 -100.00
 142   113.015 56064.01483015  9.91 323.332712 -10.277002 17.555 -100.00 -100.00 -100.00
 143   106.434 56073.93047053  2.74 323.329696 -10.268299  5.446 -100.00 -100.00 -100.00
 143   109.735 56073.93047112  4.20 323.330623 -10.270791  5.924 -100.00 -100.00 -100.00
 143   111.612 56073.93047171  0.86 323.331551 -10.273284  3.513 -100.00 -100.00 -100.00
 143   115.983 56073.93047230  0.36 323.332478 -10.275776  4.022 -100.00 -100.00 -100.00
 144     3.099 56083.84611962 27.07 323.326340 -10.268446 17.201 -100.00 -100.00 -100.00
 144     3.190 56083.84612021 28.66 323.327267 -10.270939 22.365 -100.00 -100.00 -100.00
 144     3.258 56083.84612080 33.97 323.328195 -10.273431 21.285 -100.00 -100.00 -100.00
 144     3.322 56083.84612139 34.95 323.329122 -10.275924 29.160 -100.00 -100.00 -100.00
 145   106.310 56093.76176643 10.33 323.324154 -10.267502 11.747 -100.00 -100.00 -100.00
 145   108.609 56093.76176702  9.96 323.325082 -10.269995 10.201 -100.00 -100.00 -100.00
 146     2.621 56103.67741135 29.29 323.323660 -10.266236 26.716 -100.00 -100.00 -100.00
 146     3.343 56103.67741194 23.13 323.324588 -10.268728 13.205 -100.00 -100.00 -100.00
 146     3.360 56103.67741253 26.34 323.325515 -10.271221 18.350 -100.00 -100.00 -100.00
 146     3.030 56103.67741430 34.14 323.328298 -10.278699 23.630 -100.00 -100.00 -100.00
 147    75.714 56113.59304269  3.39 323.325209 -10.267650  4.882 -100.00 -100.00 -100.00
 147    55.624 56113.59304328  9.49 323.326137 -10.270142 12.153 -100.00 -100.00 -100.00
 147    55.523 56113.59304447 10.84 323.327992 -10.275128 14.067 -100.00 -100.00 -100.00
 147    56.119 56113.59304506 11.13 323.328919 -10.277620 12.243 -100.00 -100.00 -100.00
 148   106.633 56123.50868154  6.50 323.327075 -10.267445  7.279 -100.00 -100.00 -100.00
 148   108.993 56123.50868213  4.30 323.328003 -10.269938  5.362 -100.00 -100.00 -100.00
 148   110.172 56123.50868272  5.21 323.328930 -10.272430  6.155 -100.00 -100.00 -100.00
 148   110.367 56123.50868331  7.28 323.329858 -10.274923  9.132 -100.00 -100.00 -100.00
 148   111.083 56123.50868390 12.46 323.330786 -10.277416 17.792 -100.00 -100.00 -100.00
 149   104.452 56133.42431698  5.84 323.330274 -10.269182  5.670 -100.00 -100.00 -100.00
 149   108.631 56133.42431757  4.70 323.331202 -10.271675  5.404 -100.00 -100.00 -100.00
 149   112.036 56133.42431816  7.88 323.332130 -10.274167  8.335 -100.00 -100.00 -100.00
 149   113.280 56133.42431876  9.77 323.333058 -10.276660 10.327 -100.00 -100.00 -100.00
 150   110.013 56143.33995524  1.43 323.330346 -10.268028  4.403 -100.00 -100.00 -100.00
 150   110.446 56143.33995583  2.65 323.331274 -10.270520  4.581 -100.00 -100.00 -100.00
 150   112.866 56143.33995642  1.32 323.332202 -10.273013  3.686 -100.00 -100.00 -100.00
 150   112.830 56143.33995701  7.57 323.333130 -10.275506 10.038 -100.00 -100.00 -100.00
 151   107.147 56153.25560524  6.30 323.327302 -10.268294 11.216 -100.00 -100.00 -100.00
 151   108.260 56153.25560583  8.67 323.328230 -10.270786  9.932 -100.00 -100.00 -100.00
 151   109.350 56153.25560642  9.92 323.329158 -10.273279 13.260 -100.00 -100.00 -100.00
 151   110.381 56153.25560701  8.49 323.330085 -10.275772 11.300 -100.00 -100.00 -100.00
 152     3.349 56163.17125347 29.16 323.325362 -10.267256 20.796 -100.00 -100.00 -100.00
 152     3.617 56163.17125406 32.94 323.326290 -10.269748 31.269 -100.00 -100.00 -100.00
 152     3.494 56163.17125465 34.79 323.327217 -10.272241 25.031 -100.00 -100.00 -100.00
 152     3.681 56163.17125524 30.97 323.328145 -10.274734 21.188 -100.00 -100.00 -100.00
 152     3.868 56163.17125583 38.82 323.329073 -10.277227 18.570 -100.00 -100.00 -100.00
 153    51.140 56173.08689978 17.31 323.325296 -10.266396  9.800 -100.00 -100.00 -100.00
 153    50.215 56173.08690037 22.51 323.326223 -10.268889 14.387 -100.00 -100.00 -100.00
 153    49.454 56173.08690096 27.45 323.327151 -10.271382 27.388 -100.00 -100.00 -100.00
 153    48.616 56173.08690155 20.42 323.328079 -10.273875   -100 -100.00 -100.00 -100.00
 153    49.997 56173.08690214 22.51 323.329006 -10.276367   -100 -100.00 -100.00 -100.00
 154     3.613 56183.00254151 38.54 323.326967 -10.266629 18.955 -100.00 -100.00 -100.00
 154     3.279 56183.00254210 43.82 323.327895 -10.269121 27.482 -100.00 -100.00 -100.00
 154     2.838 56183.00254269 48.75 323.328822 -10.271614  4.701 -100.00 -100.00 -100.00
 154     2.653 56183.00254328 52.76 323.329750 -10.274107 23.290 -100.00 -100.00 -100.00
 154     2.789 56183.00254387 52.86 323.330678 -10.276600 12.551 -100.00 -100.00 -100.00
 155   107.579 56192.91817945  0.70 323.327994 -10.266731  4.506 -100.00 -100.00 -100.00
 155   109.214 56192.91818004  2.48 323.328921 -10.269224  6.867 -100.00 -100.00 -100.00
 155   108.672 56192.91818063  4.07 323.329849 -10.271716  7.548 -100.00 -100.00 -100.00
 155   111.274 56192.91818122  5.06 323.330777 -10.274209  8.112 -100.00 -100.00 -100.00
 155   112.813 56192.91818181  6.29 323.331705 -10.276702 10.049 -100.00 -100.00 -100.00
 156   108.355 56202.83381520  4.95 323.328965 -10.268432  4.344 -100.00 -100.00 -100.00
 156   109.738 56202.83381579  6.00 323.329893 -10.270925  5.393 -100.00 -100.00 -100.00
 156   110.244 56202.83381638  5.96 323.330821 -10.273418  4.873 -100.00 -100.00 -100.00
 156   110.732 56202.83381697  8.35 323.331749 -10.275910  8.124 -100.00 -100.00 -100.00
 157   108.394 56212.74944900  2.77 323.330158 -10.267367  5.330 -100.00 -100.00 -100.00
 157   104.764 56212.74944959  5.40 323.331086 -10.269860  7.420 -100.00 -100.00 -100.00
 157   111.384 56212.74945018  4.97 323.332013 -10.272352  7.281 -100.00 -100.00 -100.00
 157   112.404 56212.74945077 10.42 323.332941 -10.274845 13.514 -100.00 -100.00 -100.00
 158     2.027 56222.66508211 30.81 323.334631 -10.269471   -100 -100.00 -100.00 -100.00
 158     2.239 56222.66508270 30.01 323.335559 -10.271964   -100 -100.00 -100.00 -100.00
 158     5.962 56222.66508329 32.56 323.336486 -10.274457   -100 -100.00 -100.00 -100.00
 159   104.242 56232.58073796 10.79 323.331172 -10.268014 15.396 -100.00 -100.00 -100.00
 159   104.867 56232.58073855  9.93 323.332099 -10.270506 16.924 -100.00 -100.00 -100.00
 159   106.042 56232.58073914  9.39 323.333027 -10.272999 16.407 -100.00 -100.00 -100.00
 159   106.907 56232.58073973 10.53 323.333955 -10.275492 16.733 -100.00 -100.00 -100.00
 160     2.095 56242.49639064 25.25 323.328797 -10.268059 19.345 -100.00 -100.00 -100.00
 160     2.357 56242.49639123 30.10 323.329725 -10.270552 26.941 -100.00 -100.00 -100.00
 160     5.931 56242.49639182 29.83 323.330653 -10.273045 20.060 -100.00 -100.00 -100.00
 160     6.071 56242.49639241 32.86 323.331580 -10.275537 25.276 -100.00 -100.00 -100.00
 161     1.854 56252.41203857 34.61 323.325755 -10.266707   -100 -100.00 -100.00 -100.00
 161     1.929 56252.41203916 37.45 323.326683 -10.269200   -100 -100.00 -100.00 -100.00
 161     1.978 56252.41203975 39.40 323.327610 -10.271693   -100 -100.00 -100.00 -100.00
 161     2.031 56252.41204034 40.44 323.328538 -10.274186   -100 -100.00 -100.00 -100.00
 161     1.838 56252.41204093 41.81 323.329466 -10.276678 14.185 -100.00 -100.00 -100.00
 162    50.926 56262.32768226 20.27 323.324493 -10.267046 11.897 -100.00 -100.00 -100.00
 162    50.103 56262.32768285 25.65 323.325420 -10.269539 19.084 -100.00 -100.00 -100.00
 162    49.211 56262.32768344 15.81 323.326348 -10.272032   -100 -100.00 -100.00 -100.00
 162    48.481 56262.32768462 26.61 323.328203 -10.277017 22.469 -100.00 -100.00 -100.00
 164   104.122 56282.15896589  8.80 323.325884 -10.268028 14.416 -100.00 -100.00 -100.00
 164   104.880 56282.15896648 10.97 323.326811 -10.270520 19.400 -100.00 -100.00 -100.00
 164   105.984 56282.15896707 12.34 323.327739 -10.273013 23.426 -100.00 -100.00 -100.00
 164   106.789 56282.15896766 12.92 323.328666 -10.275505 21.112 -100.00 -100.00 -100.00
 164   107.910 56282.15896825  8.58 323.329594 -10.277998 12.239 -100.00 -100.00 -100.00
 165   105.427 56292.07461723  5.42 323.324017 -10.266399  8.453 -100.00 -100.00 -100.00
 165   108.065 56292.07461782  3.99 323.324945 -10.268892  6.407 -100.00 -100.00 -100.00
 165   109.870 56292.07461841  3.45 323.325872 -10.271384  6.385 -100.00 -100.00 -100.00
 165   112.891 56292.07462018  5.25 323.328655 -10.278862  7.267 -100.00 -100.00 -100.00
 166   105.486 56301.99026458  7.97 323.323162 -10.266643 12.645 -100.00 -100.00 -100.00
 166   108.363 56301.99026517  5.57 323.324089 -10.269135  7.654 -100.00 -100.00 -100.00
 167   104.895 56311.90590765  5.27 323.322293 -10.266505 10.414 -100.00 -100.00 -100.00
 167   103.359 56311.90590824  7.82 323.323221 -10.268997 14.952 -100.00 -100.00 -100.00
 168   102.658 56321.82154915 11.30 323.322193 -10.267498 25.744 -100.00 -100.00 -100.00
 168   103.852 56321.82154974  8.08 323.323121 -10.269990 14.799 -100.00 -100.00 -100.00
 169   105.138 56331.73718979  5.96 323.322005 -10.265864  6.034 -100.00 -100.00 -100.00
 169   106.428 56331.73719038  4.57 323.322932 -10.268356  4.916 -100.00 -100.00 -100.00
 170   103.097 56341.65283114 13.34 323.324717 -10.267890 27.132 -100.00 -100.00 -100.00
 170   107.307 56341.65283173 10.31 323.325644 -10.270382 16.710 -100.00 -100.00 -100.00
 170   111.028 56341.65283350 13.87 323.328427 -10.277860 19.671 -100.00 -100.00 -100.00
 171   108.953 56351.56847007  4.01 323.328334 -10.268585  6.426 -100.00 -100.00 -100.00
 171   108.480 56351.56847066  8.86 323.329261 -10.271078 14.635 -100.00 -100.00 -100.00
 171   109.908 56351.56847125 11.76 323.330189 -10.273570 17.805 -100.00 -100.00 -100.00
 171   110.943 56351.56847184 11.54 323.331116 -10.276063 16.328 -100.00 -100.00 -100.00
 172   107.058 56361.48411032 11.65 323.329785 -10.268028 19.124 -100.00 -100.00 -100.00
 172   108.505 56361.48411091 13.11 323.330713 -10.270521 20.339 -100.00 -100.00 -100.00
 172   106.116 56361.48411150 13.99 323.331640 -10.273013 24.581 -100.00 -100.00 -100.00
 172   110.573 56361.48411209 11.81 323.332568 -10.275505 15.935 -100.00 -100.00 -100.00
 173     2.276 56371.39976017 39.69 323.326250 -10.268765 25.332 -100.00 -100.00 -100.00
 173     1.785 56371.39976076 41.33 323.327178 -10.271257   -100 -100.00 -100.00 -100.00
 173     1.865 56371.39976135 44.58 323.328105 -10.273749   -100 -100.00 -100.00 -100.00
 173     2.442 56371.39976194 46.09 323.329033 -10.276242 31.873 -100.00 -100.00 -100.00
 174   102.713 56381.31540611  4.69 323.321042 -10.265666  9.679 -100.00 -100.00 -100.00
 174   103.568 56381.31540670  6.45 323.321969 -10.268158 11.526 -100.00 -100.00 -100.00
 174   105.330 56381.31540729  4.17 323.322897 -10.270651  8.836 -100.00 -100.00 -100.00
 175   104.428 56391.23105074  1.83 323.319474 -10.266728  6.533 -100.00 -100.00 -100.00
 175   105.845 56391.23105133  2.50 323.320401 -10.269220  7.767 -100.00 -100.00 -100.00
 175   104.736 56391.23105192  6.42 323.321329 -10.271713 13.323 -100.00 -100.00 -100.00
 177   106.669 56411.06233363  7.97 323.323995 -10.266759  7.563 -100.00 -100.00 -100.00
 177   108.793 56411.06233422  8.17 323.324923 -10.269252  9.026 -100.00 -100.00 -100.00
 177   109.878 56411.06233481 10.31 323.325850 -10.271744  9.297 -100.00 -100.00 -100.00
 178   107.416 56420.97796939  4.41 323.328664 -10.268937  7.015 -100.00 -100.00 -100.00
 178   108.720 56420.97796998  5.47 323.329592 -10.271429  7.498 -100.00 -100.00 -100.00
 178   109.706 56420.97797057  8.33 323.330519 -10.273921 13.913 -100.00 -100.00 -100.00
 178   110.748 56420.97797116 10.60 323.331447 -10.276414 19.232 -100.00 -100.00 -100.00
 179   110.230 56430.89360715  1.73 323.329709 -10.268448  4.026 -100.00 -100.00 -100.00
 179   110.149 56430.89360774  3.35 323.330636 -10.270940  3.821 -100.00 -100.00 -100.00
 179   111.624 56430.89360833  3.73 323.331564 -10.273433  3.125 -100.00 -100.00 -100.00
 179   112.971 56430.89360892  6.33 323.332491 -10.275925  7.616 -100.00 -100.00 -100.00
 180   106.225 56440.80925898  9.70 323.324055 -10.266952 10.553 -100.00 -100.00 -100.00
 180   108.191 56440.80925957  9.67 323.324982 -10.269444 10.618 -100.00 -100.00 -100.00
 181   102.004 56450.72490881 14.20 323.320578 -10.265825 21.054 -100.00 -100.00 -100.00
 181   103.094 56450.72490940 15.40 323.321506 -10.268317 29.070 -100.00 -100.00 -100.00
 181   104.187 56450.72490999 15.51 323.322433 -10.270810 31.396 -100.00 -100.00 -100.00
 182   102.326 56460.64055726 12.03 323.320686 -10.266552 12.227 -100.00 -100.00 -100.00
 182   103.625 56460.64055785  8.60 323.321613 -10.269045  8.183 -100.00 -100.00 -100.00
 183   106.942 56470.55620262  4.32 323.321950 -10.267525  5.124 -100.00 -100.00 -100.00
 183   104.359 56470.55620321  9.66 323.322877 -10.270017 10.411 -100.00 -100.00 -100.00
 184   105.519 56480.47184374  5.05 323.322680 -10.266062  4.479 -100.00 -100.00 -100.00
 184   107.346 56480.47184433  5.34 323.323608 -10.268554  4.122 -100.00 -100.00 -100.00
 184   108.988 56480.47184492  6.32 323.324536 -10.271047  5.216 -100.00 -100.00 -100.00
 185    54.586 56490.38748148 16.19 323.324286 -10.267339  8.420 -100.00 -100.00 -100.00
 185    51.207 56490.38748207 20.39 323.325214 -10.269831 11.110 -100.00 -100.00 -100.00
 187   110.450 56510.21875019  2.75 323.331106 -10.270515  3.999 -100.00 -100.00 -100.00
 187   112.006 56510.21875078  1.73 323.332034 -10.273008  4.304 -100.00 -100.00 -100.00
 187   112.838 56510.21875137  4.17 323.332962 -10.275501  6.688 -100.00 -100.00 -100.00
 188   112.020 56520.13439331  6.86 323.333794 -10.273212 12.252 -100.00 -100.00 -100.00
 188   116.548 56520.13439390  4.07 323.334722 -10.275705  8.131 -100.00 -100.00 -100.00
 190    47.430 56539.96569359 11.40 323.328691 -10.267938 13.847 -100.00 -100.00 -100.00
 190    50.223 56539.96569418 13.14 323.329619 -10.270431 11.778 -100.00 -100.00 -100.00
 190    49.499 56539.96569477 16.52 323.330546 -10.272924 13.600 -100.00 -100.00 -100.00
 190    55.462 56539.96569536 19.44 323.331474 -10.275417 15.014 -100.00 -100.00 -100.00
 191   107.297 56549.88133825  6.38 323.326877 -10.268539  5.717 -100.00 -100.00 -100.00
 191   109.481 56549.88133884  6.65 323.327804 -10.271031  5.442 -100.00 -100.00 -100.00
 191   109.528 56549.88133943  9.79 323.328732 -10.273524 10.324 -100.00 -100.00 -100.00
 191   110.395 56549.88134002 12.54 323.329660 -10.276017 14.990 -100.00 -100.00 -100.00
 192     2.275 56559.79698049 23.05 323.324123 -10.267636 14.821 -100.00 -100.00 -100.00
 192     2.111 56559.79698108 26.72 323.325051 -10.270129 23.898 -100.00 -100.00 -100.00
 193     1.344 56569.71262235 29.09 323.323202 -10.267329   -100 -100.00 -100.00 -100.00
 193     1.516 56569.71262294 29.75 323.324130 -10.269822   -100 -100.00 -100.00 -100.00
 194   107.099 56579.62826364  8.14 323.325219 -10.268163  4.763 -100.00 -100.00 -100.00
 194   108.121 56579.62826423 11.72 323.326147 -10.270656  6.002 -100.00 -100.00 -100.00
 194   110.309 56579.62826541 10.85 323.328002 -10.275642  5.753 -100.00 -100.00 -100.00
 194   111.061 56579.62826600 14.48 323.328930 -10.278135 10.441 -100.00 -100.00 -100.00
 195   109.082 56589.54390143  5.35 323.330153 -10.269004  8.269 -100.00 -100.00 -100.00
 195   110.563 56589.54390202  5.03 323.331080 -10.271497  8.062 -100.00 -100.00 -100.00
 195   111.335 56589.54390261  7.65 323.332008 -10.273990 10.761 -100.00 -100.00 -100.00
 195   112.838 56589.54390320 11.25 323.332935 -10.276483 19.189 -100.00 -100.00 -100.00
 196     2.954 56599.45954682 39.77 323.330279 -10.267417 20.804 -100.00 -100.00 -100.00
 196     2.882 56599.45954741 43.68 323.331206 -10.269910 27.482 -100.00 -100.00 -100.00
 196     2.287 56599.45954800 43.62 323.332134 -10.272402   -100 -100.00 -100.00 -100.00
 196     2.143 56599.45954859 39.29 323.333062 -10.274895   -100 -100.00 -100.00 -100.00
 197    50.294 56609.37519803 20.09 323.327076 -10.268846 13.594 -100.00 -100.00 -100.00
 197    49.689 56609.37519862 18.90 323.328004 -10.271339   -100 -100.00 -100.00 -100.00
 197    49.049 56609.37519921 27.53 323.328931 -10.273832 31.879 -100.00 -100.00 -100.00
 197    49.957 56609.37519980 24.64 323.329859 -10.276324 12.413 -100.00 -100.00 -100.00
 198     2.216 56619.29084353 23.98 323.323683 -10.267391 19.026 -100.00 -100.00 -100.00
 198     2.247 56619.29084412 26.41 323.324611 -10.269884 19.462 -100.00 -100.00 -100.00
 199   106.673 56629.20648612  4.28 323.322844 -10.267139  8.926 -100.00 -100.00 -100.00
 199   104.561 56629.20648671  7.27 323.323772 -10.269632 13.763 -100.00 -100.00 -100.00
 200   106.989 56639.12212580  3.28 323.325440 -10.267593  5.055 -100.00 -100.00 -100.00
 200   107.661 56639.12212639  7.54 323.326367 -10.270086 10.788 -100.00 -100.00 -100.00
 200   109.458 56639.12212758  8.29 323.328222 -10.275071 11.959 -100.00 -100.00 -100.00
 200   110.865 56639.12212817 10.74 323.329150 -10.277563 16.591 -100.00 -100.00 -100.00
 201   106.128 56649.03777080  3.24 323.327823 -10.268638  6.652 -100.00 -100.00 -100.00
 201   108.302 56649.03777139  9.21 323.328750 -10.271130 14.396 -100.00 -100.00 -100.00
 201   109.642 56649.03777198 10.07 323.329678 -10.273623 11.685 -100.00 -100.00 -100.00
 201   110.461 56649.03777257 12.71 323.330606 -10.276115 18.355 -100.00 -100.00 -100.00
 203   107.743 56668.86906881  5.11 323.323529 -10.268094  7.533 -100.00 -100.00 -100.00
 203   109.289 56668.86906940  4.62 323.324456 -10.270587  6.633 -100.00 -100.00 -100.00
 205   103.183 56688.70035791 12.17 323.321838 -10.267881 18.735 -100.00 -100.00 -100.00
 205   104.244 56688.70035850 10.77 323.322766 -10.270373 18.051 -100.00 -100.00 -100.00
 206   106.902 56698.61599940  9.14 323.323508 -10.266507  8.850 -100.00 -100.00 -100.00
 206   107.773 56698.61599999 10.25 323.324436 -10.268999 12.048 -100.00 -100.00 -100.00
 206   109.634 56698.61600058 10.64 323.325363 -10.271492 13.203 -100.00 -100.00 -100.00
 207     5.143 56708.53163687 19.99 323.327419 -10.267090  8.906 -100.00 -100.00 -100.00
 207     2.837 56708.53163746 23.45 323.328347 -10.269582 15.208 -100.00 -100.00 -100.00
 207     3.053 56708.53163805 28.14 323.329274 -10.272075 16.779 -100.00 -100.00 -100.00
 207     2.413 56708.53163864 29.04 323.330202 -10.274567 16.302 -100.00 -100.00 -100.00
 207     2.409 56708.53163923 26.90 323.331129 -10.277059 20.064 -100.00 -100.00 -100.00
 208     2.364 56718.44727623 40.80 323.328955 -10.267849 29.963 -100.00 -100.00 -100.00
 208     2.433 56718.44727682 42.89 323.329883 -10.270341 31.379 -100.00 -100.00 -100.00
 208     2.174 56718.44727741 47.98 323.330810 -10.272834   -100 -100.00 -100.00 -100.00
 208     2.317 56718.44727800 51.30 323.331738 -10.275326   -100 -100.00 -100.00 -100.00
 209    54.863 56728.36292893 11.27 323.324049 -10.268152  5.821 -100.00 -100.00 -100.00
 209    52.724 56728.36292952  7.19 323.324977 -10.270645  6.557 -100.00 -100.00 -100.00
 212   103.265 56758.10986210  6.09 323.321493 -10.267936 10.958 -100.00 -100.00 -100.00
 212   104.448 56758.10986269  6.56 323.322420 -10.270429 10.678 -100.00 -100.00 -100.00
 213   106.534 56768.02549654 14.71 323.327122 -10.268340 19.503 -100.00 -100.00 -100.00
 213   108.034 56768.02549713 13.15 323.328049 -10.270832 17.666 -100.00 -100.00 -100.00
 213   109.457 56768.02549772 10.18 323.328976 -10.273325 10.332 -100.00 -100.00 -100.00
 213   110.338 56768.02549831 11.74 323.329904 -10.275817 13.051 -100.00 -100.00 -100.00
 214   107.124 56777.94114209  7.54 323.327365 -10.268593  5.189 -100.00 -100.00 -100.00
 214   109.463 56777.94114268  7.31 323.328292 -10.271085  4.661 -100.00 -100.00 -100.00
 214   110.854 56777.94114327  8.57 323.329220 -10.273578  5.597 -100.00 -100.00 -100.00
 214   111.132 56777.94114386 12.20 323.330147 -10.276070  9.359 -100.00 -100.00 -100.00
 215   105.992 56787.85679665  1.46 323.321676 -10.265926  3.965 -100.00 -100.00 -100.00
 215   107.862 56787.85679724  1.57 323.322603 -10.268419  4.109 -100.00 -100.00 -100.00
 215   109.009 56787.85679783  2.68 323.323531 -10.270911  4.903 -100.00 -100.00 -100.00
 216   102.106 56797.77244884  8.57 323.317384 -10.267068  9.057 -100.00 -100.00 -100.00
 216   103.268 56797.77244943  9.51 323.318311 -10.269560 12.315 -100.00 -100.00 -100.00
 216   104.339 56797.77245003 12.49 323.319239 -10.272053 21.061 -100.00 -100.00 -100.00
 219   104.187 56827.51937494  4.57 323.321018 -10.266431  4.371 -100.00 -100.00 -100.00
 219   106.437 56827.51937553  4.59 323.321946 -10.268923  3.849 -100.00 -100.00 -100.00
 220    54.899 56837.43501017  9.46 323.325921 -10.268359  6.937 -100.00 -100.00 -100.00
 220    52.376 56837.43501076 13.21 323.326849 -10.270851 13.013 -100.00 -100.00 -100.00
 220    40.252 56837.43501135 19.40 323.327776 -10.273344 16.233 -100.00 -100.00 -100.00
 220     1.557 56837.43501194 25.04 323.328704 -10.275837 20.429 -100.00 -100.00 -100.00
 220     1.099 56837.43501253 28.06 323.329632 -10.278329 14.253 -100.00 -100.00 -100.00
 221   109.103 56847.35064187  1.03 323.329830 -10.268766  5.192 -100.00 -100.00 -100.00
 221   110.549 56847.35064246  2.38 323.330758 -10.271259  4.991 -100.00 -100.00 -100.00
 221   119.905 56847.35064305  0.64 323.331685 -10.273751  3.201 -100.00 -100.00 -100.00
 221   112.716 56847.35064364  9.34 323.332613 -10.276244 14.538 -100.00 -100.00 -100.00
 222   107.474 56857.26629225  4.32 323.325642 -10.266372  3.829 -100.00 -100.00 -100.00
 222   108.300 56857.26629284  8.60 323.326570 -10.268864  9.419 -100.00 -100.00 -100.00
 222   108.584 56857.26629343 11.69 323.327498 -10.271357 10.534 -100.00 -100.00 -100.00
 222   110.161 56857.26629402  9.69 323.328425 -10.273850 11.562 -100.00 -100.00 -100.00
 222   111.857 56857.26629462  9.17 323.329353 -10.276342  8.631 -100.00 -100.00 -100.00
 223   113.711 56867.18194534  0.02 323.323641 -10.268178  3.665 -100.00 -100.00 -100.00
 223   109.234 56867.18194593  3.54 323.324568 -10.270670  5.072 -100.00 -100.00 -100.00
 224   111.181 56877.09759620  0.59 323.321941 -10.267078  2.359 -100.00 -100.00 -100.00
 224   107.318 56877.09759679  3.26 323.322869 -10.269571  3.007 -100.00 -100.00 -100.00
 227   103.812 56906.84453196  6.21 323.318824 -10.266418  7.068 -100.00 -100.00 -100.00
 227   105.172 56906.84453255  6.88 323.319752 -10.268911  7.799 -100.00 -100.00 -100.00
 227   106.599 56906.84453314  5.52 323.320679 -10.271403  5.519 -100.00 -100.00 -100.00
 228   101.910 56916.76017279 10.09 323.318000 -10.266333 14.437 -100.00 -100.00 -100.00
 228   102.883 56916.76017338 11.02 323.318928 -10.268826 16.538 -100.00 -100.00 -100.00
 228   104.003 56916.76017397  9.51 323.319856 -10.271319 13.680 -100.00 -100.00 -100.00
 229   104.401 56926.67581237  3.29 323.319855 -10.267242  7.063 -100.00 -100.00 -100.00
 229   106.611 56926.67581297  3.13 323.320782 -10.269735  6.259 -100.00 -100.00 -100.00
 230   107.208 56936.59144848  7.59 323.323550 -10.266502  5.295 -100.00 -100.00 -100.00
 230   108.642 56936.59144907  6.76 323.324477 -10.268995  4.933 -100.00 -100.00 -100.00
 230   109.868 56936.59144966  7.43 323.325405 -10.271488  5.663 -100.00 -100.00 -100.00
 231   104.167 56946.50708025 11.20 323.330680 -10.268741 18.382 -100.00 -100.00 -100.00
 231   109.779 56946.50708084  8.26 323.331607 -10.271234 11.652 -100.00 -100.00 -100.00
 231   106.031 56946.50708143 11.01 323.332535 -10.273727 19.888 -100.00 -100.00 -100.00
 231   106.889 56946.50708203 12.79 323.333462 -10.276220 22.675 -100.00 -100.00 -100.00
 232   106.434 56956.42273385  6.48 323.327733 -10.267864 12.278 -100.00 -100.00 -100.00
 232   107.836 56956.42273444  6.96 323.328661 -10.270357  9.472 -100.00 -100.00 -100.00
 232   109.044 56956.42273503 12.00 323.329589 -10.272850 19.462 -100.00 -100.00 -100.00
 232   109.972 56956.42273562 12.49 323.330516 -10.275343 21.781 -100.00 -100.00 -100.00
 233     2.141 56966.33838283 35.44 323.324770 -10.267978 20.523 -100.00 -100.00 -100.00
 233     2.650 56966.33838342 31.78 323.325698 -10.270471 14.179 -100.00 -100.00 -100.00
 233     2.788 56966.33838519 41.04 323.328481 -10.277949 31.917 -100.00 -100.00 -100.00
 234   105.051 56976.25402710  5.43 323.322575 -10.266802 10.683 -100.00 -100.00 -100.00
 234   108.930 56976.25402769  1.96 323.323502 -10.269294  6.437 -100.00 -100.00 -100.00
 236   104.041 56996.08530225  9.34 323.328248 -10.268566 17.039 -100.00 -100.00 -100.00
 236   108.169 56996.08530284  8.79 323.329176 -10.271059 15.011 -100.00 -100.00 -100.00
 236   111.521 56996.08530343  5.39 323.330103 -10.273552  7.841 -100.00 -100.00 -100.00
 236   112.388 56996.08530402  7.50 323.331031 -10.276044 11.314 -100.00 -100.00 -100.00
 237     1.831 57006.00094588 30.27 323.330401 -10.269141 29.197 -100.00 -100.00 -100.00
 237     1.518 57006.00094647 32.46 323.331329 -10.271634   -100 -100.00 -100.00 -100.00
 237     1.774 57006.00094706 36.10 323.332256 -10.274126   -100 -100.00 -100.00 -100.00
 237     1.434 57006.00094765 38.99 323.333184 -10.276619   -100 -100.00 -100.00 -100.00
 238   102.253 57015.91659977  0.88 323.326991 -10.267866  4.152 -100.00 -100.00 -100.00
 238   104.600 57015.91660036  7.58 323.327919 -10.270358 13.113 -100.00 -100.00 -100.00
 238   109.175 57015.91660095  4.58 323.328846 -10.272851  7.892 -100.00 -100.00 -100.00
 238   110.178 57015.91660154 10.69 323.329774 -10.275343 20.413 -100.00 -100.00 -100.00
 239     1.720 57025.83224987 22.52 323.323513 -10.266411 15.647 -100.00 -100.00 -100.00
 239     2.059 57025.83225046 25.33 323.324441 -10.268903 21.677 -100.00 -100.00 -100.00
 239     2.243 57025.83225105 27.79 323.325369 -10.271396 25.437 -100.00 -100.00 -100.00
 240   102.671 57035.74789868  5.99 323.321530 -10.266649  8.951 -100.00 -100.00 -100.00
 240   108.055 57035.74789928  7.28 323.322458 -10.269141 11.320 -100.00 -100.00 -100.00
 241     2.443 57045.66354554 23.39 323.322003 -10.268061 15.320 -100.00 -100.00 -100.00
 241     2.436 57045.66354613 25.30 323.322930 -10.270554 23.714 -100.00 -100.00 -100.00
 242   107.993 57055.57918912  5.18 323.323597 -10.268248  7.054 -100.00 -100.00 -100.00
 242   109.377 57055.57918971  6.66 323.324525 -10.270740  8.343 -100.00 -100.00 -100.00
 243   107.423 57065.49482735  8.12 323.325422 -10.267113 12.094 -100.00 -100.00 -100.00
 243   108.736 57065.49482794  9.91 323.326350 -10.269606 13.002 -100.00 -100.00 -100.00
 243   108.823 57065.49482853 12.73 323.327277 -10.272098 22.673 -100.00 -100.00 -100.00
 243   109.854 57065.49482912 13.44 323.328205 -10.274590 23.242 -100.00 -100.00 -100.00
 243   110.760 57065.49482971 16.01 323.329132 -10.277083   -100 -100.00 -100.00 -100.00
 244   107.371 57075.41046107  5.29 323.327284 -10.266698  6.088 -100.00 -100.00 -100.00
 244   107.005 57075.41046166  8.85 323.328212 -10.269191 11.693 -100.00 -100.00 -100.00
 244   108.585 57075.41046225  8.31 323.329139 -10.271683 11.272 -100.00 -100.00 -100.00
 244   109.793 57075.41046284  7.60 323.330067 -10.274175  9.840 -100.00 -100.00 -100.00
 244   111.948 57075.41046343  6.88 323.330994 -10.276668  8.936 -100.00 -100.00 -100.00
 245     2.783 57085.32609214 41.06 323.331156 -10.268969 17.623 -100.00 -100.00 -100.00
 245     1.860 57085.32609273 47.19 323.332083 -10.271461   -100 -100.00 -100.00 -100.00
 245     1.701 57085.32609332 51.60 323.333011 -10.273954   -100 -100.00 -100.00 -100.00
 245     4.309 57085.32609391 51.39 323.333939 -10.276446   -100 -100.00 -100.00 -100.00
 246    54.036 57095.24174660 17.63 323.325811 -10.266686 12.046 -100.00 -100.00 -100.00
 246    51.117 57095.24174719 22.41 323.326739 -10.269179 21.867 -100.00 -100.00 -100.00
 246    50.568 57095.24174778 16.59 323.327666 -10.271671   -100 -100.00 -100.00 -100.00
 246    50.601 57095.24174837 29.21 323.328593 -10.274163 29.828 -100.00 -100.00 -100.00
 246    50.590 57095.24174896 23.24 323.329521 -10.276656 19.562 -100.00 -100.00 -100.00
 249   107.724 57124.98869966  1.95 323.322281 -10.267844  3.439 -100.00 -100.00 -100.00
 249   108.251 57124.98870025  3.21 323.323209 -10.270337  5.177 -100.00 -100.00 -100.00
 250   107.219 57134.90433959  1.98 323.322807 -10.267145  4.724 -100.00 -100.00 -100.00
 250   108.521 57134.90434018  4.47 323.323734 -10.269637  6.750 -100.00 -100.00 -100.00
