#    0.000   0.000   0.000 ;Mean Elev.(m), Avg Gradient(m/km), RMS Gradient(m/km) - SRTM1     
#    0.000   0.000   0.000 ;Mean Elev.(m), Avg Gradient(m/km), RMS Gradient(m/km) - ASTER GDEM
#    2.379  -5.033  18.753 ;Mean Elev.(m), Avg Gradient(m/km), RMS Gradient(m/km) - GMTED2010 
   8     5.264 54737.77331001 27.88 323.050572 -10.078643 28.016 -100.00 -100.00 -100.00
   8     5.316 54737.77331060 27.17 323.051498 -10.076150 25.450 -100.00 -100.00 -100.00
   8     5.443 54737.77331119 28.55 323.052425 -10.073657 26.786 -100.00 -100.00 -100.00
  10     6.128 54757.60460552 31.18 323.048250 -10.077699 30.498 -100.00 -100.00 -100.00
  10     6.066 54757.60460611 28.56 323.049176 -10.075206 30.061 -100.00 -100.00 -100.00
  10     6.245 54757.60460670 28.31 323.050102 -10.072713 24.917 -100.00 -100.00 -100.00
  10     5.977 54757.60460729 29.34 323.051028 -10.070220 29.562 -100.00 -100.00 -100.00
  13     5.427 54787.35153293 40.80 323.050955 -10.078252 27.308 -100.00 -100.00 -100.00
  13     5.298 54787.35153352 45.95 323.051881 -10.075759   -100 -100.00 -100.00 -100.00
  17     4.962 54827.01409359 33.04 323.054021 -10.087491   -100 -100.00 -100.00 -100.00
  17     5.255 54827.01409418 38.37 323.054947 -10.084998   -100 -100.00 -100.00 -100.00
  17     5.041 54827.01409477 36.89 323.055873 -10.082505   -100 -100.00 -100.00 -100.00
  18     7.880 54836.92973354 28.36 323.052231 -10.083002 19.235 -100.00 -100.00 -100.00
  18     4.703 54836.92973413 29.94 323.053157 -10.080509   -100 -100.00 -100.00 -100.00
  19     5.339 54846.84538429 26.22 323.050327 -10.076886 27.040 -100.00 -100.00 -100.00
  19     5.170 54846.84538488 24.45 323.051253 -10.074393 24.821 -100.00 -100.00 -100.00
  19     4.888 54846.84538547 25.41 323.052179 -10.071900 28.735 -100.00 -100.00 -100.00
  20     4.353 54856.76103349 40.39 323.047863 -10.076480 31.586 -100.00 -100.00 -100.00
  20     4.529 54856.76103408 32.14 323.048790 -10.073987   -100 -100.00 -100.00 -100.00
  20     4.279 54856.76103467 34.40 323.049716 -10.071494 19.927 -100.00 -100.00 -100.00
  20     4.179 54856.76103526 36.22 323.050642 -10.069001 20.566 -100.00 -100.00 -100.00
  21     5.293 54866.67668323 28.89 323.047742 -10.074899   -100 -100.00 -100.00 -100.00
  21     5.271 54866.67668382 29.29 323.048668 -10.072406   -100 -100.00 -100.00 -100.00
  21     5.223 54866.67668441 27.59 323.049594 -10.069912   -100 -100.00 -100.00 -100.00
  21     4.719 54866.67668500 34.89 323.050521 -10.067419   -100 -100.00 -100.00 -100.00
  22     5.205 54876.59233163 32.42 323.047204 -10.076896   -100 -100.00 -100.00 -100.00
  22     5.251 54876.59233222 32.03 323.048130 -10.074403   -100 -100.00 -100.00 -100.00
  22     5.328 54876.59233281 30.41 323.049057 -10.071910   -100 -100.00 -100.00 -100.00
  22     5.262 54876.59233340 33.90 323.049983 -10.069416   -100 -100.00 -100.00 -100.00
  22     4.992 54876.59233399 35.28 323.050909 -10.066923 15.028 -100.00 -100.00 -100.00
  23     5.131 54886.50797762 43.95 323.048270 -10.076227 26.303 -100.00 -100.00 -100.00
  23     4.828 54886.50797821 46.91 323.049196 -10.073734   -100 -100.00 -100.00 -100.00
  23     4.890 54886.50797880 50.86 323.050122 -10.071240   -100 -100.00 -100.00 -100.00
  23     4.920 54886.50797939 51.03 323.051048 -10.068747   -100 -100.00 -100.00 -100.00
  24     6.407 54896.42361977 41.85 323.047592 -10.075845 18.837 -100.00 -100.00 -100.00
  24     5.867 54896.42362036 45.25 323.048519 -10.073351 23.725 -100.00 -100.00 -100.00
  24     5.638 54896.42362095 49.49 323.049445 -10.070858   -100 -100.00 -100.00 -100.00
  24     5.279 54896.42362154 47.21 323.050371 -10.068365   -100 -100.00 -100.00 -100.00
  25    54.904 54906.33925899 17.46 323.046439 -10.075069  9.889 -100.00 -100.00 -100.00
  25    52.451 54906.33925958 17.08 323.047366 -10.072576 15.307 -100.00 -100.00 -100.00
  25    52.541 54906.33926017  9.79 323.048292 -10.070083 21.249 -100.00 -100.00 -100.00
  25    52.736 54906.33926076  8.84 323.049218 -10.067590 20.959 -100.00 -100.00 -100.00
  25    52.766 54906.33926135  7.78 323.050145 -10.065097 14.360 -100.00 -100.00 -100.00
  26     6.154 54916.25489688 42.83 323.047046 -10.074074 21.511 -100.00 -100.00 -100.00
  26     5.785 54916.25489747 47.18 323.047972 -10.071581 30.436 -100.00 -100.00 -100.00
  26     5.546 54916.25489806 51.91 323.048898 -10.069088   -100 -100.00 -100.00 -100.00
  26     5.440 54916.25489865 54.91 323.049825 -10.066595  9.911 -100.00 -100.00 -100.00
  26     5.067 54916.25489924 53.94 323.050751 -10.064102 27.784 -100.00 -100.00 -100.00
  27     4.966 54926.17053359 35.30 323.047899 -10.077477   -100 -100.00 -100.00 -100.00
  27     4.742 54926.17053418 36.09 323.048825 -10.074984  0.854 -100.00 -100.00 -100.00
  27     4.733 54926.17053477 38.98 323.049752 -10.072491 21.657 -100.00 -100.00 -100.00
  27     4.793 54926.17053536 39.87 323.050678 -10.069997 13.829 -100.00 -100.00 -100.00
  28     4.753 54936.08616989 38.01 323.050494 -10.080467   -100 -100.00 -100.00 -100.00
  28     4.614 54936.08617048 40.81 323.051420 -10.077973   -100 -100.00 -100.00 -100.00
  28     4.769 54936.08617107 42.88 323.052347 -10.075480   -100 -100.00 -100.00 -100.00
  29     5.276 54946.00180387 42.94 323.052999 -10.085584   -100 -100.00 -100.00 -100.00
  29     5.235 54946.00180446 45.28 323.053925 -10.083091   -100 -100.00 -100.00 -100.00
  29     4.882 54946.00180505 45.58 323.054851 -10.080598 25.843 -100.00 -100.00 -100.00
  30     6.083 54955.91743504 40.84 323.054900 -10.091914 24.257 -100.00 -100.00 -100.00
  30     5.983 54955.91743563 34.63 323.055826 -10.089421   -100 -100.00 -100.00 -100.00
  30     5.833 54955.91743622 35.71 323.056752 -10.086928   -100 -100.00 -100.00 -100.00
  30     6.124 54955.91743681 44.84 323.057679 -10.084434   -100 -100.00 -100.00 -100.00
  31     6.648 54965.83308357 30.20 323.053697 -10.088250   -100 -100.00 -100.00 -100.00
  31     6.545 54965.83308417 30.41 323.054624 -10.085757   -100 -100.00 -100.00 -100.00
  31     6.634 54965.83308476 35.35 323.055550 -10.083263   -100 -100.00 -100.00 -100.00
  32     6.766 54975.74873234 32.61 323.052769 -10.083480 31.626 -100.00 -100.00 -100.00
  32     6.537 54975.74873293 31.65 323.053695 -10.080987 31.030 -100.00 -100.00 -100.00
  35     5.616 55005.49567439 42.05 323.051990 -10.083066 31.692 -100.00 -100.00 -100.00
  35     5.920 55005.49567498 40.39 323.052916 -10.080573 24.953 -100.00 -100.00 -100.00
  35     5.479 55005.49567557 44.65 323.053842 -10.078080   -100 -100.00 -100.00 -100.00
  36     5.749 55015.41131853 44.19 323.051541 -10.081591   -100 -100.00 -100.00 -100.00
  36     5.723 55015.41131912 46.00 323.052467 -10.079098   -100 -100.00 -100.00 -100.00
  38     6.086 55035.24260279 46.24 323.050656 -10.079377 27.816 -100.00 -100.00 -100.00
  38     5.748 55035.24260338 49.38 323.051582 -10.076884   -100 -100.00 -100.00 -100.00
  38     5.689 55035.24260397 52.21 323.052508 -10.074391  5.192 -100.00 -100.00 -100.00
  39     6.156 55045.15824314 47.12 323.051615 -10.082077 24.638 -100.00 -100.00 -100.00
  39     5.782 55045.15824373 49.62 323.052541 -10.079584   -100 -100.00 -100.00 -100.00
  39     5.711 55045.15824432 47.06 323.053467 -10.077091   -100 -100.00 -100.00 -100.00
  40     5.844 55055.07388110 43.93 323.053311 -10.088274 28.254 -100.00 -100.00 -100.00
  40     5.580 55055.07388169 47.65 323.054237 -10.085782   -100 -100.00 -100.00 -100.00
  40     5.403 55055.07388228 52.77 323.055163 -10.083289  9.048 -100.00 -100.00 -100.00
  41     5.419 55064.98951753 44.97 323.055154 -10.091492  0.547 -100.00 -100.00 -100.00
  41     5.253 55064.98951812 41.30 323.056080 -10.088999 19.257 -100.00 -100.00 -100.00
  41     5.167 55064.98951871 39.44 323.057006 -10.086507  7.446 -100.00 -100.00 -100.00
  42     4.935 55074.90516560 42.46 323.053804 -10.087568   -100 -100.00 -100.00 -100.00
  42     4.700 55074.90516619 43.01 323.054730 -10.085076  4.490 -100.00 -100.00 -100.00
  42     4.768 55074.90516678 45.28 323.055656 -10.082583 19.480 -100.00 -100.00 -100.00
  44     5.833 55094.73646222 27.55 323.050060 -10.076765 22.442 -100.00 -100.00 -100.00
  44     5.516 55094.73646281 28.17 323.050987 -10.074272 26.478 -100.00 -100.00 -100.00
  44     5.527 55094.73646340 27.05 323.051913 -10.071779 28.247 -100.00 -100.00 -100.00
  45     6.184 55104.65210910 28.70 323.049635 -10.075720 27.181 -100.00 -100.00 -100.00
  45     6.070 55104.65210969 28.65 323.050561 -10.073227 25.842 -100.00 -100.00 -100.00
  45     6.017 55104.65211028 28.84 323.051488 -10.070734 25.625 -100.00 -100.00 -100.00
  47     6.095 55124.48339938 27.20 323.050441 -10.077334 23.273 -100.00 -100.00 -100.00
  47     5.954 55124.48339997 28.58 323.051367 -10.074841 26.149 -100.00 -100.00 -100.00
  47     5.749 55124.48340056 31.80 323.052293 -10.072348   -100 -100.00 -100.00 -100.00
  49     6.108 55144.31467884 41.18 323.050670 -10.079692 24.357 -100.00 -100.00 -100.00
  49     5.988 55144.31467943 44.05 323.051596 -10.077199 25.324 -100.00 -100.00 -100.00
  49     5.754 55144.31468002 43.26 323.052522 -10.074706   -100 -100.00 -100.00 -100.00
  50    55.796 55154.23031667 21.97 323.051183 -10.080007 14.189 -100.00 -100.00 -100.00
  50    66.496 55154.23031726 19.66 323.052110 -10.077515 13.607 -100.00 -100.00 -100.00
  50    53.893 55154.23031785 23.91 323.053036 -10.075022   -100 -100.00 -100.00 -100.00
  55   105.091 55203.80853259  0.69 323.050836 -10.081607  3.508 -100.00 -100.00 -100.00
  55   107.745 55203.80853318  0.73 323.051763 -10.079114  3.654 -100.00 -100.00 -100.00
  56     5.667 55213.72418320 27.97 323.049601 -10.077062 29.775 -100.00 -100.00 -100.00
  56     5.396 55213.72418379 26.39 323.050527 -10.074569 28.196 -100.00 -100.00 -100.00
  56     5.485 55213.72418438 28.06 323.051453 -10.072076   -100 -100.00 -100.00 -100.00
  57     5.188 55223.63983234 32.83 323.048373 -10.077480   -100 -100.00 -100.00 -100.00
  57     5.314 55223.63983293 29.40 323.049299 -10.074987   -100 -100.00 -100.00 -100.00
  57     5.384 55223.63983352 28.71 323.050225 -10.072494   -100 -100.00 -100.00 -100.00
  57     5.461 55223.63983411 29.02 323.051152 -10.070000   -100 -100.00 -100.00 -100.00
  58     5.778 55233.55548008 28.53 323.048231 -10.077510 30.316 -100.00 -100.00 -100.00
  58     5.476 55233.55548067 27.41 323.049157 -10.075016   -100 -100.00 -100.00 -100.00
  58     5.251 55233.55548126 27.80 323.050083 -10.072523   -100 -100.00 -100.00 -100.00
  58     5.247 55233.55548185 27.29 323.051009 -10.070030   -100 -100.00 -100.00 -100.00
  59     5.199 55243.47112485 27.60 323.049439 -10.076039   -100 -100.00 -100.00 -100.00
  59     5.078 55243.47112544 31.16 323.050365 -10.073545   -100 -100.00 -100.00 -100.00
  59     5.235 55243.47112603 30.47 323.051292 -10.071052   -100 -100.00 -100.00 -100.00
  60     5.539 55253.38676565 46.25 323.048447 -10.076334  3.489 -100.00 -100.00 -100.00
  60     5.523 55253.38676624 46.24 323.049374 -10.073841  0.882 -100.00 -100.00 -100.00
  60     5.687 55253.38676683 46.67 323.050300 -10.071348   -100 -100.00 -100.00 -100.00
  60     5.507 55253.38676742 50.44 323.051227 -10.068854 22.960 -100.00 -100.00 -100.00
  61     6.156 55263.30240442 42.05 323.047602 -10.074777 19.484 -100.00 -100.00 -100.00
  61     5.858 55263.30240501 47.36 323.048528 -10.072284 24.035 -100.00 -100.00 -100.00
  61     5.386 55263.30240560 53.06 323.049455 -10.069791   -100 -100.00 -100.00 -100.00
  61     5.513 55263.30240619 53.58 323.050381 -10.067298   -100 -100.00 -100.00 -100.00
  62     6.514 55273.21804117 41.17 323.047268 -10.077271 20.161 -100.00 -100.00 -100.00
  62     6.250 55273.21804176 43.33 323.048194 -10.074778 19.282 -100.00 -100.00 -100.00
  62     5.958 55273.21804235 49.52 323.049121 -10.072284 28.184 -100.00 -100.00 -100.00
  62     5.742 55273.21804294 53.30 323.050047 -10.069791   -100 -100.00 -100.00 -100.00
  62     5.719 55273.21804353 51.47 323.050973 -10.067298   -100 -100.00 -100.00 -100.00
  63     5.632 55283.13367842 40.15 323.050378 -10.076980 30.053 -100.00 -100.00 -100.00
  63     5.604 55283.13367901 42.47 323.051304 -10.074487   -100 -100.00 -100.00 -100.00
  63     5.634 55283.13367960 45.78 323.052230 -10.071994   -100 -100.00 -100.00 -100.00
  64    52.437 55293.04931276 15.80 323.052057 -10.083885 14.359 -100.00 -100.00 -100.00
  64    51.671 55293.04931335 14.60 323.052983 -10.081392 11.781 -100.00 -100.00 -100.00
  64    50.444 55293.04931394 18.84 323.053909 -10.078898 27.615 -100.00 -100.00 -100.00
  66     5.161 55312.88059560 35.18 323.052861 -10.084871 26.251 -100.00 -100.00 -100.00
  66     5.113 55312.88059619 41.03 323.053787 -10.082378   -100 -100.00 -100.00 -100.00
  67     8.504 55322.79624107 38.59 323.051523 -10.083473   -100 -100.00 -100.00 -100.00
  67    10.052 55322.79624166 27.63 323.052450 -10.080980 19.925 -100.00 -100.00 -100.00
  67     5.325 55322.79624225 26.56 323.053376 -10.078487 22.722 -100.00 -100.00 -100.00
  69    10.422 55342.62753003 29.11 323.051123 -10.080976 19.629 -100.00 -100.00 -100.00
  69     5.220 55342.62753062 27.95 323.052049 -10.078483 31.549 -100.00 -100.00 -100.00
  69     4.921 55342.62753121 28.58 323.052975 -10.075989   -100 -100.00 -100.00 -100.00
  71    52.478 55362.45881537 21.97 323.052329 -10.082368 11.925 -100.00 -100.00 -100.00
  71    50.484 55362.45881596 25.29 323.053255 -10.079875 24.075 -100.00 -100.00 -100.00
  72     4.510 55372.37445467 40.64 323.052724 -10.083118  2.824 -100.00 -100.00 -100.00
  72     4.559 55372.37445526 42.21 323.053650 -10.080625 11.721 -100.00 -100.00 -100.00
  74     5.482 55392.20572848 43.91 323.053396 -10.088339 29.208 -100.00 -100.00 -100.00
  74     5.164 55392.20572907 46.89 323.054322 -10.085846   -100 -100.00 -100.00 -100.00
  74     4.911 55392.20572966 51.31 323.055248 -10.083353 11.424 -100.00 -100.00 -100.00
  75    53.767 55402.12136309 25.31 323.054751 -10.093346 22.409 -100.00 -100.00 -100.00
  75    54.034 55402.12136369 29.37 323.055677 -10.090853   -100 -100.00 -100.00 -100.00
  75    54.110 55402.12136428 28.61 323.056603 -10.088360   -100 -100.00 -100.00 -100.00
  75    54.534 55402.12136487 24.89 323.057529 -10.085867   -100 -100.00 -100.00 -100.00
  76     5.150 55412.03701353 44.66 323.053958 -10.092123   -100 -100.00 -100.00 -100.00
  76     5.327 55412.03701412 43.28 323.054884 -10.089630   -100 -100.00 -100.00 -100.00
  76     5.186 55412.03701471 44.47 323.055810 -10.087137   -100 -100.00 -100.00 -100.00
  76     5.325 55412.03701530 48.42 323.056736 -10.084645 32.265 -100.00 -100.00 -100.00
  77     4.287 55421.95266332 40.24 323.053000 -10.088461 21.753 -100.00 -100.00 -100.00
  77     4.305 55421.95266391 38.40 323.053926 -10.085968 16.400 -100.00 -100.00 -100.00
  77     4.196 55421.95266450 37.74 323.054852 -10.083476 16.412 -100.00 -100.00 -100.00
  78    39.588 55431.86831105  6.96 323.052443 -10.082614  9.337 -100.00 -100.00 -100.00
  78    69.390 55431.86831164  3.30 323.053369 -10.080121  4.636 -100.00 -100.00 -100.00
  79     9.421 55441.78395659 25.75 323.051077 -10.078477 17.588 -100.00 -100.00 -100.00
  79     5.879 55441.78395718 26.30 323.052003 -10.075984 19.678 -100.00 -100.00 -100.00
  80     6.173 55451.69960047 24.79 323.050518 -10.076701 17.655 -100.00 -100.00 -100.00
  80     5.676 55451.69960106 26.00 323.051445 -10.074209 21.766 -100.00 -100.00 -100.00
  83     8.822 55481.44652176 36.82 323.052325 -10.085001 19.936 -100.00 -100.00 -100.00
  83     5.880 55481.44652236 43.03 323.053251 -10.082508   -100 -100.00 -100.00 -100.00
  83     5.855 55481.44652295 43.30 323.054178 -10.080015 26.337 -100.00 -100.00 -100.00
  84    74.498 55491.36215721 11.30 323.052628 -10.087613 13.864 -100.00 -100.00 -100.00
  84    54.106 55491.36215780  7.32 323.053554 -10.085121  9.532 -100.00 -100.00 -100.00
  84    52.946 55491.36215839 10.08 323.054481 -10.082628 15.392 -100.00 -100.00 -100.00
  85     5.835 55501.27779052 44.43 323.053498 -10.090309 21.523 -100.00 -100.00 -100.00
  85     5.408 55501.27779111 47.35 323.054425 -10.087816   -100 -100.00 -100.00 -100.00
  85     5.435 55501.27779170 50.38 323.055351 -10.085324   -100 -100.00 -100.00 -100.00
  85     4.639 55501.27779229 48.90 323.056277 -10.082831   -100 -100.00 -100.00 -100.00
  86     5.668 55511.19343465 46.14 323.054062 -10.087210   -100 -100.00 -100.00 -100.00
  86     5.843 55511.19343524 49.61 323.054989 -10.084718   -100 -100.00 -100.00 -100.00
  86     5.541 55511.19343583 50.25 323.055915 -10.082225   -100 -100.00 -100.00 -100.00
  87     5.167 55521.10908413 41.00 323.052538 -10.086663   -100 -100.00 -100.00 -100.00
  87     4.923 55521.10908473 42.60 323.053464 -10.084170   -100 -100.00 -100.00 -100.00
  87     5.095 55521.10908532 37.34 323.054390 -10.081677   -100 -100.00 -100.00 -100.00
  88    79.982 55531.02473300 13.77 323.052255 -10.084132 13.223 -100.00 -100.00 -100.00
  88    81.284 55531.02473359 15.69 323.053181 -10.081639 14.623 -100.00 -100.00 -100.00
  88    81.836 55531.02473418 17.69 323.054107 -10.079146 22.695 -100.00 -100.00 -100.00
  89     8.680 55540.94038009 41.00 323.051505 -10.083005   -100 -100.00 -100.00 -100.00
  89     5.762 55540.94038068 43.94 323.052431 -10.080512   -100 -100.00 -100.00 -100.00
  89     5.888 55540.94038127 41.99 323.053357 -10.078019   -100 -100.00 -100.00 -100.00
  90     8.647 55550.85602565 28.37 323.051382 -10.080283 29.037 -100.00 -100.00 -100.00
  90     4.768 55550.85602624 28.03 323.052308 -10.077790   -100 -100.00 -100.00 -100.00
  91     5.333 55560.77166953 29.39 323.050547 -10.078973   -100 -100.00 -100.00 -100.00
  91     5.135 55560.77167012 28.17 323.051474 -10.076480   -100 -100.00 -100.00 -100.00
  91     5.106 55560.77167071 29.30 323.052400 -10.073987   -100 -100.00 -100.00 -100.00
  92     5.050 55570.68731241 26.88 323.050493 -10.079651 28.345 -100.00 -100.00 -100.00
  92     5.047 55570.68731300 27.33 323.051420 -10.077158   -100 -100.00 -100.00 -100.00
  92     5.076 55570.68731359 27.99 323.052346 -10.074665   -100 -100.00 -100.00 -100.00
  94     8.925 55590.51859257 36.32 323.051796 -10.084193 18.796 -100.00 -100.00 -100.00
  94     6.297 55590.51859316 38.22 323.052722 -10.081700 30.414 -100.00 -100.00 -100.00
  94     5.859 55590.51859375 36.48 323.053648 -10.079207 28.391 -100.00 -100.00 -100.00
  95     6.263 55600.43422764 42.01 323.052703 -10.087351 21.540 -100.00 -100.00 -100.00
  95     6.034 55600.43422823 43.60 323.053629 -10.084858   -100 -100.00 -100.00 -100.00
  95     5.926 55600.43422882 42.22 323.054556 -10.082365   -100 -100.00 -100.00 -100.00
  96     5.652 55610.34986071 44.45 323.054088 -10.088087 31.262 -100.00 -100.00 -100.00
  96     5.903 55610.34986130 49.50 323.055014 -10.085594   -100 -100.00 -100.00 -100.00
  96     5.328 55610.34986189 51.67 323.055941 -10.083101   -100 -100.00 -100.00 -100.00
  97     5.600 55620.26549119 43.29 323.054278 -10.093203 30.372 -100.00 -100.00 -100.00
  97     5.221 55620.26549178 46.51 323.055204 -10.090710   -100 -100.00 -100.00 -100.00
  97     5.364 55620.26549237 49.40 323.056131 -10.088217   -100 -100.00 -100.00 -100.00
  97     5.548 55620.26549296 51.58 323.057057 -10.085723   -100 -100.00 -100.00 -100.00
  98     5.018 55630.18114288 40.17 323.052994 -10.088906 26.277 -100.00 -100.00 -100.00
  98     5.105 55630.18114347 44.44 323.053921 -10.086413   -100 -100.00 -100.00 -100.00
  98     4.702 55630.18114406 48.21 323.054847 -10.083920  4.670 -100.00 -100.00 -100.00
  99     5.476 55640.09679398 35.55 323.053145 -10.085527   -100 -100.00 -100.00 -100.00
  99     5.289 55640.09679457 35.69 323.054071 -10.083034   -100 -100.00 -100.00 -100.00
  99     5.568 55640.09679516 35.68 323.054998 -10.080541   -100 -100.00 -100.00 -100.00
 100     5.874 55650.01244190 39.51 323.052726 -10.085459 24.661 -100.00 -100.00 -100.00
 100     5.766 55650.01244249 43.50 323.053652 -10.082965 28.928 -100.00 -100.00 -100.00
 100     5.563 55650.01244308 46.58 323.054579 -10.080472   -100 -100.00 -100.00 -100.00
 102     9.439 55669.84372891 27.91 323.052231 -10.079871 26.267 -100.00 -100.00 -100.00
 102     4.992 55669.84372950 26.76 323.053158 -10.077378 29.098 -100.00 -100.00 -100.00
 104     8.635 55689.67500523 31.22 323.052823 -10.084850 23.441 -100.00 -100.00 -100.00
 104     5.045 55689.67500582 33.52 323.053750 -10.082357   -100 -100.00 -100.00 -100.00
 104     5.095 55689.67500641 32.68 323.054676 -10.079864   -100 -100.00 -100.00 -100.00
 105     4.854 55699.59064033 43.75 323.053989 -10.090616   -100 -100.00 -100.00 -100.00
 105     5.307 55699.59064092 38.27 323.054915 -10.088123   -100 -100.00 -100.00 -100.00
 105     5.089 55699.59064151 42.23 323.055841 -10.085630   -100 -100.00 -100.00 -100.00
 105     4.881 55699.59064210 44.52 323.056767 -10.083136   -100 -100.00 -100.00 -100.00
 107     4.841 55719.42192941 43.49 323.053549 -10.089211   -100 -100.00 -100.00 -100.00
 107     4.480 55719.42193000 45.87 323.054475 -10.086718 24.528 -100.00 -100.00 -100.00
 107     4.713 55719.42193059 45.20 323.055402 -10.084225  1.265 -100.00 -100.00 -100.00
 108     5.323 55729.33757802 44.39 323.052373 -10.084651   -100 -100.00 -100.00 -100.00
 108     5.310 55729.33757861 43.44 323.053299 -10.082158   -100 -100.00 -100.00 -100.00
 108     4.910 55729.33757921 44.71 323.054226 -10.079665   -100 -100.00 -100.00 -100.00
 110     8.596 55749.16886914 42.20 323.051314 -10.083937 27.011 -100.00 -100.00 -100.00
 110     5.298 55749.16886973 46.13 323.052240 -10.081444   -100 -100.00 -100.00 -100.00
 110     5.522 55749.16887032 45.49 323.053166 -10.078951   -100 -100.00 -100.00 -100.00
 111     5.386 55759.08451195 44.38 323.052551 -10.083108   -100 -100.00 -100.00 -100.00
 111     5.462 55759.08451254 47.59 323.053477 -10.080615   -100 -100.00 -100.00 -100.00
 112    54.280 55769.00015137 22.47 323.052984 -10.085169 13.564 -100.00 -100.00 -100.00
 112    54.258 55769.00015196 25.62 323.053910 -10.082676 18.841 -100.00 -100.00 -100.00
 113     5.118 55778.91578793 36.22 323.053407 -10.086476   -100 -100.00 -100.00 -100.00
 113     5.145 55778.91578852 35.62 323.054333 -10.083983  3.548 -100.00 -100.00 -100.00
 113     5.286 55778.91578911 34.75 323.055260 -10.081490   -100 -100.00 -100.00 -100.00
 114     4.651 55788.83142199 36.22 323.053754 -10.088818   -100 -100.00 -100.00 -100.00
 114     8.504 55788.83142258 30.98 323.054680 -10.086325   -100 -100.00 -100.00 -100.00
 114     5.230 55788.83142317 36.44 323.055607 -10.083832   -100 -100.00 -100.00 -100.00
 115     5.164 55798.74705476 36.82 323.054392 -10.093084  1.799 -100.00 -100.00 -100.00
 115     5.448 55798.74705535 34.58 323.055318 -10.090592   -100 -100.00 -100.00 -100.00
 115     5.298 55798.74705594 33.61 323.056244 -10.088099   -100 -100.00 -100.00 -100.00
 115     5.341 55798.74705653 40.30 323.057171 -10.085606  2.462 -100.00 -100.00 -100.00
 117     5.506 55818.57835094 43.66 323.054517 -10.089237   -100 -100.00 -100.00 -100.00
 117     5.471 55818.57835153 38.14 323.055443 -10.086744  9.543 -100.00 -100.00 -100.00
 117     5.793 55818.57835212 40.76 323.056369 -10.084251  2.567 -100.00 -100.00 -100.00
 118     5.619 55828.49399565 41.48 323.053940 -10.091744   -100 -100.00 -100.00 -100.00
 118     5.786 55828.49399624 35.32 323.054867 -10.089251   -100 -100.00 -100.00 -100.00
 118     5.647 55828.49399683 35.32 323.055793 -10.086759  1.235 -100.00 -100.00 -100.00
 118     5.647 55828.49399742 40.42 323.056719 -10.084266 11.721 -100.00 -100.00 -100.00
 119     5.797 55838.40963656 43.96 323.054134 -10.091077   -100 -100.00 -100.00 -100.00
 119     5.984 55838.40963715 40.96 323.055061 -10.088584 32.268 -100.00 -100.00 -100.00
 119     5.957 55838.40963774 47.13 323.055987 -10.086091   -100 -100.00 -100.00 -100.00
 119     5.841 55838.40963833 46.72 323.056913 -10.083598   -100 -100.00 -100.00 -100.00
 120     5.737 55848.32527459 45.71 323.054500 -10.088567   -100 -100.00 -100.00 -100.00
 120     5.944 55848.32527518 45.58 323.055427 -10.086074   -100 -100.00 -100.00 -100.00
 120     5.841 55848.32527577 49.01 323.056353 -10.083581   -100 -100.00 -100.00 -100.00
 121     6.179 55858.24090933 46.76 323.054951 -10.090507 32.465 -100.00 -100.00 -100.00
 121     6.035 55858.24090992 50.59 323.055877 -10.088014   -100 -100.00 -100.00 -100.00
 121     5.802 55858.24091051 51.66 323.056803 -10.085522   -100 -100.00 -100.00 -100.00
 122     6.170 55868.15655598 45.07 323.054299 -10.090111 32.369 -100.00 -100.00 -100.00
 122     6.151 55868.15655657 48.37 323.055225 -10.087618   -100 -100.00 -100.00 -100.00
 122     6.057 55868.15655716 49.65 323.056152 -10.085125   -100 -100.00 -100.00 -100.00
 123     6.308 55878.07220793 37.48 323.054062 -10.088252 27.358 -100.00 -100.00 -100.00
 123     6.548 55878.07220852 36.01 323.054988 -10.085759 25.170 -100.00 -100.00 -100.00
 123     6.239 55878.07220911 42.14 323.055914 -10.083266   -100 -100.00 -100.00 -100.00
 133     6.219 55977.22864081 48.87 323.051262 -10.082946   -100 -100.00 -100.00 -100.00
 133     6.192 55977.22864140 49.75 323.052189 -10.080453   -100 -100.00 -100.00 -100.00
 133     6.077 55977.22864199 51.74 323.053115 -10.077960 12.895 -100.00 -100.00 -100.00
 134     6.396 55987.14427585 45.55 323.053296 -10.087322 31.171 -100.00 -100.00 -100.00
 134     6.108 55987.14427644 49.88 323.054222 -10.084828   -100 -100.00 -100.00 -100.00
 134     5.936 55987.14427703 52.62 323.055149 -10.082335  8.367 -100.00 -100.00 -100.00
 135     5.990 55997.05991278 43.26 323.054740 -10.092950   -100 -100.00 -100.00 -100.00
 135     5.926 55997.05991337 46.30 323.055666 -10.090457 16.390 -100.00 -100.00 -100.00
 135     5.936 55997.05991396 49.75 323.056593 -10.087964 12.437 -100.00 -100.00 -100.00
 135     5.922 55997.05991455 48.66 323.057519 -10.085470  9.758 -100.00 -100.00 -100.00
 136    54.797 56006.97556431 18.38 323.053779 -10.090098 15.308 -100.00 -100.00 -100.00
 136    54.751 56006.97556490 21.46 323.054706 -10.087605   -100 -100.00 -100.00 -100.00
 136    54.818 56006.97556549 26.46 323.055632 -10.085112   -100 -100.00 -100.00 -100.00
 136    54.511 56006.97556608 26.54 323.056558 -10.082619   -100 -100.00 -100.00 -100.00
 139     5.419 56036.72250055 29.12 323.050606 -10.079326   -100 -100.00 -100.00 -100.00
 139     5.526 56036.72250114 27.11 323.051532 -10.076833   -100 -100.00 -100.00 -100.00
 139     5.594 56036.72250173 27.91 323.052459 -10.074339   -100 -100.00 -100.00 -100.00
 141     5.511 56056.55377851 31.53 323.053634 -10.085933   -100 -100.00 -100.00 -100.00
 141     5.676 56056.55377910 34.84 323.054561 -10.083439   -100 -100.00 -100.00 -100.00
 142     6.317 56066.46941073 40.66 323.054932 -10.093957 28.746 -100.00 -100.00 -100.00
 142     6.170 56066.46941132 37.22 323.055858 -10.091463   -100 -100.00 -100.00 -100.00
 142     5.368 56066.46941191 34.34 323.056784 -10.088970   -100 -100.00 -100.00 -100.00
 142     6.222 56066.46941250 32.83 323.057711 -10.086477 31.747 -100.00 -100.00 -100.00
 143     4.838 56076.38505893 44.46 323.054196 -10.089515   -100 -100.00 -100.00 -100.00
 143     5.285 56076.38505952 39.52 323.055123 -10.087022   -100 -100.00 -100.00 -100.00
 143     5.541 56076.38506011 45.22 323.056049 -10.084529   -100 -100.00 -100.00 -100.00
 144    54.928 56086.30070862 22.21 323.052549 -10.083694 27.962 -100.00 -100.00 -100.00
 144    52.574 56086.30070921 23.05 323.053475 -10.081201 31.602 -100.00 -100.00 -100.00
 145     5.373 56096.21635504 46.79 323.051844 -10.081538   -100 -100.00 -100.00 -100.00
 145     5.230 56096.21635563 49.95 323.052770 -10.079045   -100 -100.00 -100.00 -100.00
 146     6.257 56106.13199839 44.57 323.051682 -10.084252 25.341 -100.00 -100.00 -100.00
 146     6.011 56106.13199898 47.91 323.052608 -10.081759 31.689 -100.00 -100.00 -100.00
 146     5.639 56106.13199957 50.46 323.053534 -10.079266   -100 -100.00 -100.00 -100.00
 147     5.501 56116.04762738 44.76 323.052377 -10.087051 31.853 -100.00 -100.00 -100.00
 147     5.239 56116.04762797 46.50 323.053303 -10.084558   -100 -100.00 -100.00 -100.00
 147     5.403 56116.04762856 46.49 323.054229 -10.082065   -100 -100.00 -100.00 -100.00
 148     5.292 56125.96326472 44.73 323.054006 -10.088278 29.991 -100.00 -100.00 -100.00
 148     5.072 56125.96326531 48.82 323.054932 -10.085785   -100 -100.00 -100.00 -100.00
 148     4.669 56125.96326590 48.71 323.055858 -10.083293   -100 -100.00 -100.00 -100.00
 149     5.059 56135.87889762 42.43 323.054174 -10.092344 15.919 -100.00 -100.00 -100.00
 149     5.198 56135.87889821 37.93 323.055101 -10.089851   -100 -100.00 -100.00 -100.00
 149     5.078 56135.87889880 35.73 323.056027 -10.087358   -100 -100.00 -100.00 -100.00
 149     5.444 56135.87889939 41.65 323.056953 -10.084865   -100 -100.00 -100.00 -100.00
 150     5.077 56145.79454106 29.25 323.053938 -10.088965 29.433 -100.00 -100.00 -100.00
 150     5.554 56145.79454165 34.99 323.054865 -10.086472   -100 -100.00 -100.00 -100.00
 150     5.477 56145.79454225 36.62 323.055791 -10.083980   -100 -100.00 -100.00 -100.00
 151     8.777 56155.71019164 29.62 323.052632 -10.085631 25.894 -100.00 -100.00 -100.00
 151     7.960 56155.71019224 28.48 323.053558 -10.083138 27.443 -100.00 -100.00 -100.00
 151     5.867 56155.71019283 27.53 323.054484 -10.080646 22.419 -100.00 -100.00 -100.00
 152    63.063 56165.62584078 12.69 323.051917 -10.085299 20.685 -100.00 -100.00 -100.00
 152    98.592 56165.62584137  0.39 323.052843 -10.082806  3.089 -100.00 -100.00 -100.00
 152    99.822 56165.62584197  0.02 323.053769 -10.080313  2.117 -100.00 -100.00 -100.00
 153     8.550 56175.54148798 33.58 323.052742 -10.084103   -100 -100.00 -100.00 -100.00
 153     5.035 56175.54148857 31.36 323.053668 -10.081610   -100 -100.00 -100.00 -100.00
 154     5.976 56185.45712931 42.36 323.053028 -10.086382   -100 -100.00 -100.00 -100.00
 154     5.696 56185.45712990 44.74 323.053954 -10.083889  5.135 -100.00 -100.00 -100.00
 154     5.645 56185.45713049 43.08 323.054881 -10.081396 11.779 -100.00 -100.00 -100.00
 155     5.438 56195.37276711 45.99 323.053369 -10.086475 30.070 -100.00 -100.00 -100.00
 155     5.431 56195.37276770 47.87 323.054295 -10.083982   -100 -100.00 -100.00 -100.00
 155     4.908 56195.37276829 50.64 323.055221 -10.081489   -100 -100.00 -100.00 -100.00
 156     5.331 56205.28840142 31.70 323.053232 -10.087939   -100 -100.00 -100.00 -100.00
 156     5.284 56205.28840201 30.60 323.054158 -10.085447   -100 -100.00 -100.00 -100.00
 156     5.238 56205.28840260 38.77 323.055084 -10.082954 16.473 -100.00 -100.00 -100.00
 157     4.732 56215.20403397 45.98 323.054472 -10.090289   -100 -100.00 -100.00 -100.00
 157     4.720 56215.20403456 47.66 323.055398 -10.087797   -100 -100.00 -100.00 -100.00
 157     4.614 56215.20403515 51.08 323.056324 -10.085304   -100 -100.00 -100.00 -100.00
 158    53.624 56225.11967091 21.37 323.055788 -10.094403 17.851 -100.00 -100.00 -100.00
 158    53.516 56225.11967150 24.29 323.056714 -10.091910 30.531 -100.00 -100.00 -100.00
 158    53.764 56225.11967209 11.87 323.057640 -10.089417 25.835 -100.00 -100.00 -100.00
 158    52.133 56225.11967268 25.24 323.058566 -10.086924   -100 -100.00 -100.00 -100.00
 159     5.216 56235.03532646 39.78 323.054665 -10.093122   -100 -100.00 -100.00 -100.00
 159     5.144 56235.03532705 37.02 323.055591 -10.090629   -100 -100.00 -100.00 -100.00
 159     5.421 56235.03532764 35.62 323.056517 -10.088136   -100 -100.00 -100.00 -100.00
 159     5.472 56235.03532823 42.75 323.057443 -10.085643 28.424 -100.00 -100.00 -100.00
 161     7.790 56254.86662640 29.51 323.053373 -10.085286 27.075 -100.00 -100.00 -100.00
 161     4.928 56254.86662699 29.84 323.054299 -10.082793   -100 -100.00 -100.00 -100.00
 162     8.268 56264.78226940 32.50 323.051956 -10.084744   -100 -100.00 -100.00 -100.00
 162     4.593 56264.78226999 30.89 323.052882 -10.082251   -100 -100.00 -100.00 -100.00
 162     4.458 56264.78227058 32.33 323.053809 -10.079758  0.734 -100.00 -100.00 -100.00
 165     8.166 56294.52920874 27.15 323.051632 -10.081257 24.156 -100.00 -100.00 -100.00
 165     5.434 56294.52920933 30.87 323.052559 -10.078764   -100 -100.00 -100.00 -100.00
 169     5.321 56334.19177996 42.71 323.050762 -10.079166 24.638 -100.00 -100.00 -100.00
 169     5.120 56334.19178055 47.07 323.051688 -10.076673 31.201 -100.00 -100.00 -100.00
 169     4.839 56334.19178114 52.01 323.052614 -10.074180   -100 -100.00 -100.00 -100.00
 170     4.510 56344.10741826 36.35 323.052192 -10.083439   -100 -100.00 -100.00 -100.00
 170     4.668 56344.10741885 37.57 323.053118 -10.080946   -100 -100.00 -100.00 -100.00
 170     4.645 56344.10741944 38.63 323.054044 -10.078453   -100 -100.00 -100.00 -100.00
 171     5.138 56354.02305416 42.80 323.053884 -10.088364 27.725 -100.00 -100.00 -100.00
 171     4.759 56354.02305475 46.67 323.054811 -10.085871   -100 -100.00 -100.00 -100.00
 171     4.400 56354.02305535 51.24 323.055737 -10.083378   -100 -100.00 -100.00 -100.00
 172     5.140 56363.93869783 32.09 323.053966 -10.087445 30.584 -100.00 -100.00 -100.00
 172     4.970 56363.93869842 32.36 323.054892 -10.084952   -100 -100.00 -100.00 -100.00
 172     4.940 56363.93869901 35.41 323.055818 -10.082459   -100 -100.00 -100.00 -100.00
 173     4.966 56373.85434723 26.29 323.051784 -10.084163 26.657 -100.00 -100.00 -100.00
 173     4.600 56373.85434782 27.96 323.052710 -10.081670 32.158 -100.00 -100.00 -100.00
 173     4.751 56373.85434841 30.90 323.053637 -10.079176   -100 -100.00 -100.00 -100.00
 175     4.482 56393.68563881 27.70 323.049874 -10.078477   -100 -100.00 -100.00 -100.00
 175     4.539 56393.68563940 27.60 323.050800 -10.075983   -100 -100.00 -100.00 -100.00
 175     4.500 56393.68563999 28.53 323.051727 -10.073490   -100 -100.00 -100.00 -100.00
 176     4.361 56403.60128096 25.98 323.050796 -10.080376 31.071 -100.00 -100.00 -100.00
 176     4.232 56403.60128155 26.84 323.051723 -10.077883   -100 -100.00 -100.00 -100.00
 176     4.378 56403.60128214 27.98 323.052649 -10.075390   -100 -100.00 -100.00 -100.00
 177   146.571 56413.51691959  1.78 323.051964 -10.085113  2.183 -100.00 -100.00 -100.00
 177   147.437 56413.51692018  1.77 323.052890 -10.082619  1.924 -100.00 -100.00 -100.00
 177   148.425 56413.51692077  1.75 323.053816 -10.080126  2.402 -100.00 -100.00 -100.00
 178   144.014 56423.43255294  3.11 323.053903 -10.090872  2.856 -100.00 -100.00 -100.00
 178   144.617 56423.43255353  2.43 323.054830 -10.088379  2.260 -100.00 -100.00 -100.00
 178   144.973 56423.43255412  2.35 323.055756 -10.085886  1.991 -100.00 -100.00 -100.00
 178   145.369 56423.43255471  2.52 323.056682 -10.083392  2.075 -100.00 -100.00 -100.00
 179     4.519 56433.34819669 43.78 323.053523 -10.090188   -100 -100.00 -100.00 -100.00
 179     4.671 56433.34819728 45.92 323.054449 -10.087694   -100 -100.00 -100.00 -100.00
 179     4.230 56433.34819787 50.20 323.055375 -10.085201 29.759 -100.00 -100.00 -100.00
 179     4.089 56433.34819846 45.48 323.056301 -10.082708 23.525 -100.00 -100.00 -100.00
 180     5.018 56443.26385010 45.88 323.052031 -10.081717 30.132 -100.00 -100.00 -100.00
 180     5.026 56443.26385069 42.51 323.052957 -10.079224   -100 -100.00 -100.00 -100.00
 184     8.152 56482.92642859 38.20 323.050991 -10.082976   -100 -100.00 -100.00 -100.00
 184     8.055 56482.92642918 27.63 323.051917 -10.080484 22.994 -100.00 -100.00 -100.00
 184     4.164 56482.92642977 28.66 323.052843 -10.077991 30.363 -100.00 -100.00 -100.00
 185   103.816 56492.84206540  0.06 323.052218 -10.083099  2.265 -100.00 -100.00 -100.00
 185   106.796 56492.84206599  0.39 323.053145 -10.080606  2.445 -100.00 -100.00 -100.00
 188     4.080 56522.58897960 38.24 323.054642 -10.094048 21.718 -100.00 -100.00 -100.00
 188     4.241 56522.58898019 35.90 323.055568 -10.091555 12.274 -100.00 -100.00 -100.00
 188     4.359 56522.58898078 35.54 323.056494 -10.089063   -100 -100.00 -100.00 -100.00
 188     4.455 56522.58898137 37.63 323.057420 -10.086570   -100 -100.00 -100.00 -100.00
 189     5.315 56532.50463316 42.95 323.053878 -10.089617 20.723 -100.00 -100.00 -100.00
 189     5.314 56532.50463375 46.22 323.054804 -10.087124 24.287 -100.00 -100.00 -100.00
 189     3.971 56532.50463434 50.01 323.055730 -10.084632  2.852 -100.00 -100.00 -100.00
 191     5.473 56552.33592827 44.02 323.052141 -10.081834 17.460 -100.00 -100.00 -100.00
 191     5.016 56552.33592886 47.00 323.053068 -10.079342 26.225 -100.00 -100.00 -100.00
 192     4.933 56562.25157067 45.00 323.051168 -10.081826   -100 -100.00 -100.00 -100.00
 192     5.066 56562.25157127 46.35 323.052094 -10.079333   -100 -100.00 -100.00 -100.00
 192     5.112 56562.25157186 48.10 323.053020 -10.076840   -100 -100.00 -100.00 -100.00
 193     4.841 56572.16721182 31.47 323.051759 -10.082323   -100 -100.00 -100.00 -100.00
 193     4.708 56572.16721241 35.89 323.052685 -10.079830   -100 -100.00 -100.00 -100.00
 193     4.861 56572.16721300 39.60 323.053611 -10.077337   -100 -100.00 -100.00 -100.00
 194     5.252 56582.08285084 38.44 323.053358 -10.085089   -100 -100.00 -100.00 -100.00
 194     5.398 56582.08285143 39.90 323.054284 -10.082596 25.699 -100.00 -100.00 -100.00
 195     4.374 56591.99848478 44.10 323.055400 -10.091966 22.862 -100.00 -100.00 -100.00
 195     4.598 56591.99848537 36.33 323.056327 -10.089473   -100 -100.00 -100.00 -100.00
 195     4.462 56591.99848596 46.34 323.057253 -10.086980   -100 -100.00 -100.00 -100.00
 196     4.976 56601.91413477 36.65 323.053703 -10.091393   -100 -100.00 -100.00 -100.00
 196     4.658 56601.91413536 34.00 323.054630 -10.088900   -100 -100.00 -100.00 -100.00
 196     4.691 56601.91413595 41.33 323.055556 -10.086407  3.643 -100.00 -100.00 -100.00
 196     4.790 56601.91413654 39.93 323.056482 -10.083915   -100 -100.00 -100.00 -100.00
 197     9.671 56611.82978560 25.73 323.052225 -10.086260 12.615 -100.00 -100.00 -100.00
 197     7.445 56611.82978619 27.00 323.053152 -10.083767 18.323 -100.00 -100.00 -100.00
 197     5.335 56611.82978679 26.30 323.054078 -10.081274 19.295 -100.00 -100.00 -100.00
 198     8.709 56621.74543172 32.29 323.051414 -10.083831   -100 -100.00 -100.00 -100.00
 198     5.255 56621.74543231 28.68 323.052340 -10.081339   -100 -100.00 -100.00 -100.00
 198     4.215 56621.74543290 29.28 323.053266 -10.078846   -100 -100.00 -100.00 -100.00
 199     8.705 56631.66107492 28.20 323.051746 -10.082269 28.444 -100.00 -100.00 -100.00
 199     5.152 56631.66107551 28.25 323.052672 -10.079776   -100 -100.00 -100.00 -100.00
 199     4.194 56631.66107610 29.79 323.053599 -10.077283   -100 -100.00 -100.00 -100.00
 200     3.917 56641.57671288 34.05 323.052406 -10.086517   -100 -100.00 -100.00 -100.00
 200     4.113 56641.57671347 33.99 323.053333 -10.084024   -100 -100.00 -100.00 -100.00
 200     4.522 56641.57671406 35.25 323.054259 -10.081531   -100 -100.00 -100.00 -100.00
 202     5.159 56661.40801376 44.12 323.051193 -10.080078 19.536 -100.00 -100.00 -100.00
 202     5.003 56661.40801435 45.12 323.052119 -10.077585 23.178 -100.00 -100.00 -100.00
 202     4.591 56661.40801494 48.42 323.053046 -10.075092   -100 -100.00 -100.00 -100.00
 203     5.542 56671.32366100 40.04 323.049659 -10.078601 16.478 -100.00 -100.00 -100.00
 203     5.460 56671.32366159 43.00 323.050585 -10.076108 17.557 -100.00 -100.00 -100.00
 203     4.828 56671.32366218 49.19 323.051511 -10.073616 29.059 -100.00 -100.00 -100.00
 205     5.207 56691.15494872 38.07 323.050717 -10.078886 21.674 -100.00 -100.00 -100.00
 205     5.171 56691.15494932 38.28 323.051643 -10.076393 31.805 -100.00 -100.00 -100.00
 205     5.022 56691.15494991 36.82 323.052570 -10.073900   -100 -100.00 -100.00 -100.00
 206     4.660 56701.07058708 39.80 323.052241 -10.083508 32.206 -100.00 -100.00 -100.00
 206     4.524 56701.07058767 45.76 323.053167 -10.081015   -100 -100.00 -100.00 -100.00
 206     4.266 56701.07058826 48.97 323.054093 -10.078521  2.840 -100.00 -100.00 -100.00
 207     4.013 56710.98622071 35.74 323.053962 -10.087927   -100 -100.00 -100.00 -100.00
 207     3.944 56710.98622130 39.08 323.054889 -10.085434 14.785 -100.00 -100.00 -100.00
 207     4.215 56710.98622189 37.74 323.055815 -10.082940   -100 -100.00 -100.00 -100.00
 208     4.164 56720.90186479 31.89 323.053394 -10.085170   -100 -100.00 -100.00 -100.00
 208     3.984 56720.90186538 32.30 323.054320 -10.082677  8.163 -100.00 -100.00 -100.00
 213     4.283 56770.48008002 36.13 323.053936 -10.089207   -100 -100.00 -100.00 -100.00
 213     4.328 56770.48008061 38.82 323.054862 -10.086714   -100 -100.00 -100.00 -100.00
 213     4.319 56770.48008120 38.86 323.055788 -10.084220   -100 -100.00 -100.00 -100.00
 214     8.345 56780.39573337 33.83 323.052037 -10.084647 29.458 -100.00 -100.00 -100.00
 214     4.601 56780.39573396 29.57 323.052963 -10.082154 26.806 -100.00 -100.00 -100.00
 214     4.414 56780.39573455 29.22 323.053890 -10.079661 26.031 -100.00 -100.00 -100.00
 216     5.460 56800.22704073 41.13 323.047139 -10.075898 18.808 -100.00 -100.00 -100.00
 216     4.804 56800.22704132 44.23 323.048065 -10.073405 23.606 -100.00 -100.00 -100.00
 216     4.735 56800.22704191 50.25 323.048991 -10.070912   -100 -100.00 -100.00 -100.00
 216     4.868 56800.22704250 47.27 323.049917 -10.068419   -100 -100.00 -100.00 -100.00
 216     4.399 56800.22704309 51.69 323.050843 -10.065926   -100 -100.00 -100.00 -100.00
 217     4.228 56810.14268548 40.13 323.047512 -10.075024   -100 -100.00 -100.00 -100.00
 217     4.533 56810.14268607 45.17 323.048438 -10.072531   -100 -100.00 -100.00 -100.00
 217     4.223 56810.14268666 55.61 323.049365 -10.070038   -100 -100.00 -100.00 -100.00
 217     4.518 56810.14268725 53.05 323.050291 -10.067545   -100 -100.00 -100.00 -100.00
 219     7.300 56829.97395971 36.52 323.050561 -10.081563 32.707 -100.00 -100.00 -100.00
 219     5.132 56829.97396030 39.22 323.051488 -10.079070   -100 -100.00 -100.00 -100.00
 219     5.033 56829.97396089 41.75 323.052414 -10.076577 32.213 -100.00 -100.00 -100.00
 221     3.923 56849.80522490 33.53 323.053813 -10.089900   -100 -100.00 -100.00 -100.00
 221     4.722 56849.80522549 32.80 323.054740 -10.087407   -100 -100.00 -100.00 -100.00
 221     4.312 56849.80522608 34.36 323.055666 -10.084914   -100 -100.00 -100.00 -100.00
 223     8.684 56869.63653470 33.37 323.051292 -10.082604   -100 -100.00 -100.00 -100.00
 223     5.121 56869.63653529 26.56 323.052218 -10.080111   -100 -100.00 -100.00 -100.00
 223     4.322 56869.63653588 25.74 323.053145 -10.077618   -100 -100.00 -100.00 -100.00
 226     5.008 56899.38347997 43.13 323.049005 -10.076303 23.095 -100.00 -100.00 -100.00
 226     4.636 56899.38348056 47.27 323.049931 -10.073810   -100 -100.00 -100.00 -100.00
 226     4.443 56899.38348115 53.19 323.050857 -10.071318 11.313 -100.00 -100.00 -100.00
 227     5.255 56909.29912222 40.87 323.047253 -10.076336 21.246 -100.00 -100.00 -100.00
 227     4.901 56909.29912281 43.04 323.048179 -10.073843 25.149 -100.00 -100.00 -100.00
 227     4.550 56909.29912340 49.44 323.049105 -10.071350   -100 -100.00 -100.00 -100.00
 227     4.532 56909.29912399 53.12 323.050031 -10.068858  1.906 -100.00 -100.00 -100.00
 227     4.305 56909.29912458 53.02 323.050957 -10.066365   -100 -100.00 -100.00 -100.00
 228     5.273 56919.21476305 44.41 323.048690 -10.075297 20.307 -100.00 -100.00 -100.00
 228     4.863 56919.21476364 49.32 323.049616 -10.072805   -100 -100.00 -100.00 -100.00
 228     4.613 56919.21476423 53.05 323.050542 -10.070312   -100 -100.00 -100.00 -100.00
 229     5.022 56929.13040098 44.14 323.051260 -10.078712 24.100 -100.00 -100.00 -100.00
 229     4.563 56929.13040157 49.33 323.052186 -10.076219   -100 -100.00 -100.00 -100.00
 230     4.894 56939.04603331 41.17 323.053120 -10.087769 26.363 -100.00 -100.00 -100.00
 230     5.003 56939.04603390 43.17 323.054046 -10.085276 24.217 -100.00 -100.00 -100.00
 230     4.645 56939.04603449 46.50 323.054972 -10.082783 31.841 -100.00 -100.00 -100.00
 231     5.297 56948.96166751 38.28 323.054822 -10.093138 23.055 -100.00 -100.00 -100.00
 231     4.987 56948.96166810 33.89 323.055748 -10.090645 29.197 -100.00 -100.00 -100.00
 231     4.954 56948.96166869 39.52 323.056674 -10.088153   -100 -100.00 -100.00 -100.00
 231     5.019 56948.96166928 42.06 323.057600 -10.085660   -100 -100.00 -100.00 -100.00
 232     7.385 56958.87732137 31.81 323.052745 -10.087367   -100 -100.00 -100.00 -100.00
 232     4.317 56958.87732197 34.14 323.053671 -10.084874   -100 -100.00 -100.00 -100.00
 232     4.063 56958.87732256 34.31 323.054597 -10.082381   -100 -100.00 -100.00 -100.00
 234     8.095 56978.70861458 29.37 323.050955 -10.081709   -100 -100.00 -100.00 -100.00
 234     8.614 56978.70861517 17.82 323.051882 -10.079216 18.441 -100.00 -100.00 -100.00
 234     7.888 56978.70861576 13.83 323.052808 -10.076723 11.397 -100.00 -100.00 -100.00
 235     8.479 56988.62425415 33.75 323.052240 -10.083885   -100 -100.00 -100.00 -100.00
 235     4.119 56988.62425474 30.68 323.053166 -10.081392   -100 -100.00 -100.00 -100.00
 235     4.186 56988.62425533 27.15 323.054092 -10.078899   -100 -100.00 -100.00 -100.00
 236     4.913 56998.53988643 29.44 323.054007 -10.091436 31.943 -100.00 -100.00 -100.00
 236     4.799 56998.53988702 32.18 323.054933 -10.088943   -100 -100.00 -100.00 -100.00
 236     5.005 56998.53988761 34.52 323.055859 -10.086450 27.938 -100.00 -100.00 -100.00
 236     4.678 56998.53988820 35.57 323.056785 -10.083957   -100 -100.00 -100.00 -100.00
 237     4.290 57008.45553802 38.83 323.053807 -10.086829   -100 -100.00 -100.00 -100.00
 237     4.277 57008.45553862 42.20 323.054733 -10.084336  1.354 -100.00 -100.00 -100.00
 237     4.337 57008.45553921 38.62 323.055660 -10.081843   -100 -100.00 -100.00 -100.00
 238     4.586 57018.37119221 42.80 323.051832 -10.081807   -100 -100.00 -100.00 -100.00
 238     4.532 57018.37119280 44.14 323.052758 -10.079314   -100 -100.00 -100.00 -100.00
 239     4.303 57028.28684256 38.19 323.050315 -10.078522 28.450 -100.00 -100.00 -100.00
 239     5.032 57028.28684316 42.25 323.051242 -10.076029 23.138 -100.00 -100.00 -100.00
 239     4.329 57028.28684375 52.27 323.052168 -10.073536   -100 -100.00 -100.00 -100.00
 240     4.256 57038.20249054 38.17 323.049839 -10.077786 25.526 -100.00 -100.00 -100.00
 240     4.620 57038.20249113 43.35 323.050765 -10.075293 25.478 -100.00 -100.00 -100.00
 240     4.442 57038.20249172 53.99 323.051691 -10.072800   -100 -100.00 -100.00 -100.00
 241     5.054 57048.11813553 36.54 323.050464 -10.079626 20.658 -100.00 -100.00 -100.00
 241     5.080 57048.11813612 39.02 323.051390 -10.077132 22.368 -100.00 -100.00 -100.00
 241     4.174 57048.11813671 51.49 323.052317 -10.074639 17.109 -100.00 -100.00 -100.00
 242     4.493 57058.03377644 37.42 323.051836 -10.083238   -100 -100.00 -100.00 -100.00
 242     4.736 57058.03377703 39.23 323.052762 -10.080744 27.682 -100.00 -100.00 -100.00
 242     4.656 57058.03377762 42.24 323.053688 -10.078251   -100 -100.00 -100.00 -100.00
 243     4.445 57067.94941203 33.12 323.053306 -10.085862   -100 -100.00 -100.00 -100.00
 243     4.370 57067.94941262 32.43 323.054232 -10.083368   -100 -100.00 -100.00 -100.00
 243     4.266 57067.94941321 29.82 323.055158 -10.080875   -100 -100.00 -100.00 -100.00
 245     4.798 57087.78067668 25.97 323.054903 -10.090518 28.700 -100.00 -100.00 -100.00
 245     4.962 57087.78067727 29.23 323.055829 -10.088024 24.961 -100.00 -100.00 -100.00
 245     4.937 57087.78067786 30.59 323.056756 -10.085531 24.042 -100.00 -100.00 -100.00
 246     7.715 57097.69633684 30.38 323.052630 -10.083698   -100 -100.00 -100.00 -100.00
 246     3.938 57097.69633743 28.96 323.053557 -10.081204   -100 -100.00 -100.00 -100.00
 247     7.993 57107.61199308 24.32 323.051000 -10.082016 17.621 -100.00 -100.00 -100.00
 247     5.034 57107.61199367 20.71 323.051926 -10.079523 16.815 -100.00 -100.00 -100.00
 247     4.564 57107.61199426 21.32 323.052852 -10.077029 18.509 -100.00 -100.00 -100.00
 248     4.385 57117.52764395 41.18 323.051048 -10.082335   -100 -100.00 -100.00 -100.00
 248     4.548 57117.52764454 42.15 323.051974 -10.079841   -100 -100.00 -100.00 -100.00
 248     3.990 57117.52764513 45.41 323.052901 -10.077348 25.945 -100.00 -100.00 -100.00
 249     5.321 57127.44328859 31.33 323.051148 -10.082083 16.349 -100.00 -100.00 -100.00
 249     4.979 57127.44328918 32.59 323.052075 -10.079589 24.454 -100.00 -100.00 -100.00
 249     5.194 57127.44328977 31.43 323.053001 -10.077096 18.242 -100.00 -100.00 -100.00
 250     4.421 57137.35892763 38.78 323.051388 -10.081062   -100 -100.00 -100.00 -100.00
 250     4.389 57137.35892822 41.30 323.052314 -10.078569   -100 -100.00 -100.00 -100.00
 250     4.292 57137.35892881 44.48 323.053240 -10.076076   -100 -100.00 -100.00 -100.00
