#    0.000   0.000   0.000 ;Mean Elev.(m), Avg Gradient(m/km), RMS Gradient(m/km) - SRTM1     
#    0.000   0.000   0.000 ;Mean Elev.(m), Avg Gradient(m/km), RMS Gradient(m/km) - ASTER GDEM
#    3.849  -3.876  15.564 ;Mean Elev.(m), Avg Gradient(m/km), RMS Gradient(m/km) - GMTED2010 
   1 323.329616 -10.272175   110.454   110.836  4 54665.90920414  2.932
   2 323.328251 -10.272460   105.025   105.071  5 54675.82484825 10.933
   3 323.327811 -10.272833    59.350    59.830  5 54685.74049128 13.966
   4 323.329158 -10.271887   110.077   110.092  5 54695.65613289  4.908
   5 323.332295 -10.271453    75.565    75.849  4 54705.57177241 18.721
   6 323.330988 -10.272196    50.094    50.032  4 54715.48742504 24.234
   7 323.328928 -10.272575    47.976    57.230  5 54725.40307525 17.875
   8 323.323826 -10.268963     3.458     3.458  2 54735.31872227 44.002
   9 323.320122 -10.268272   106.385   106.385  2 54745.23436879  0.729
  11 323.320078 -10.268326   103.039   103.039  2 54765.06566026 14.699
  12 323.322489 -10.268365    55.408    55.484  3 54774.98130275  9.915
  13 323.324022 -10.268116     3.268     3.268  2 54784.89694267 25.804
  14 323.326520 -10.272407    56.359    56.022  3 54794.81258222 11.020
  17 323.330193 -10.272470    87.011    89.575  5 54824.55950453  8.342
  18 323.327483 -10.273567     2.463     2.570  4 54834.47514501 35.433
  20 323.319136 -10.269054     2.282     2.282  2 54854.30644320 43.566
  21 323.317629 -10.269360   104.415   104.856  3 54864.22209205  2.503
  22 323.316647 -10.267825    99.958    99.958  2 54874.13774006  4.740
  23 323.318029 -10.269080     2.717     2.844  3 54884.05338624 41.292
  24 323.318641 -10.268337   102.648   102.655  3 54893.96902845 12.194
  25 323.319094 -10.269524   103.343   103.266  3 54903.88466846 12.693
  26 323.318627 -10.268319   102.930   102.918  3 54913.80030691 11.301
  27 323.319084 -10.268337     2.558     2.544  3 54923.71594528 24.218
  28 323.321603 -10.269041     2.357     2.357  2 54933.63158334 26.879
  29 323.327023 -10.272240   107.961   108.753  5 54943.54722030 12.375
  30 323.331666 -10.272035   110.918   111.077  4 54953.46285439  5.262
  31 323.331301 -10.272899   110.547   110.049  4 54963.37849916  5.652
  32 323.328290 -10.272368   108.545   109.617  5 54973.29414717  8.098
  33 323.326022 -10.270792   106.986   106.834  4 54983.20979389 10.987
  34 323.326274 -10.272219    57.530    59.655  3 54993.12544108 20.910
  35 323.324269 -10.268059   108.099   108.099  2 55003.04108588  4.379
  36 323.323404 -10.268470   107.154   107.785  3 55012.95672976  3.090
  37 323.322883 -10.269243     2.868     2.868  2 55022.87237243 31.020
  38 323.321761 -10.267397   102.733   102.733  2 55032.78801398 12.132
  39 323.322754 -10.267558   103.946   103.946  2 55042.70365566  6.115
  40 323.327685 -10.272283    57.187    57.194  5 55052.61929727 14.650
  41 323.330859 -10.272341   110.096   109.446  4 55062.53493563  9.362
  42 323.330149 -10.272453   108.941   110.061  5 55072.45057984  7.614
  43 323.327135 -10.273499    61.350    57.590  4 55082.36622835 13.407
  44 323.321942 -10.267923   102.806   102.806  2 55092.28187352  9.181
  45 323.320406 -10.268255    51.915    52.047  3 55102.19751964 26.109
  46 323.320468 -10.268824    52.021    52.184  3 55112.11316549 27.055
  47 323.321885 -10.268538    53.351    53.351  2 55122.02880901 19.961
  48 323.323889 -10.269201     2.713     2.713  2 55131.94444993 26.734
  49 323.324510 -10.268926    55.967    55.967  2 55141.86008868  9.151
  50 323.324583 -10.268981     3.332     3.332  2 55151.77572718 23.991
  51 323.327511 -10.273601    56.860    56.959  4 55161.69136741 14.856
  52 323.329246 -10.271703     3.202     3.360  5 55171.60700596 28.058
  53 323.332365 -10.272396   111.289   111.344  4 55181.52264368  8.973
  54 323.328879 -10.271603    51.883    51.950  5 55191.43829341 21.205
  55 323.323041 -10.268377   107.739   107.664  3 55201.35394294  3.132
  56 323.320141 -10.269060   114.481   114.481  2 55211.26959264  0.806
  57 323.319266 -10.268665   106.349   107.257  3 55221.18524159  2.213
  58 323.320027 -10.270005   106.832   106.832  2 55231.10088975  2.609
  59 323.320535 -10.268545     3.421     3.241  3 55241.01653405 44.652
  60 323.320214 -10.268407   103.003   103.003  2 55250.93217492  9.712
  61 323.319188 -10.268722     2.275     2.289  3 55260.84781378 27.407
  62 323.319177 -10.268432   106.688   106.688  2 55270.76345199  4.600
  63 323.320919 -10.268089   103.878   103.878  2 55280.67909048 10.077
  64 323.324540 -10.268694    55.432    55.432  2 55290.59472819  6.523
  65 323.330095 -10.272477   110.422   110.377  3 55300.51036441  4.442
  66 323.329179 -10.272658    67.379    67.289  5 55310.42601081 22.588
  67 323.326908 -10.272607   108.738   108.796  4 55320.34165636  9.771
  68 323.323217 -10.268309     2.751     2.751  2 55330.25729950 45.142
  69 323.322517 -10.268351   103.287   103.287  2 55340.17294337  4.977
  70 323.323435 -10.267936     2.888     2.888  2 55350.08858694 42.927
  71 323.326900 -10.273218    52.320    52.029  4 55360.00422978 19.371
  72 323.326310 -10.270804    46.598    46.365  4 55369.91986850 24.344
  73 323.326694 -10.271604    67.086    68.249  5 55379.83550665 11.030
  74 323.327927 -10.272615   109.100   108.887  5 55389.75114444 11.224
  75 323.330596 -10.272047   109.443   109.991  5 55399.66678122  7.629
  76 323.331437 -10.271356   109.468   110.543  4 55409.58242828  7.547
  77 323.330894 -10.273745     4.544     3.326  3 55419.49807938 29.335
  78 323.327389 -10.271872    50.159    49.023  5 55429.41372606 22.918
  79 323.322606 -10.267853   104.117   104.117  2 55439.32936939  8.999
  80 323.321088 -10.268433   102.848   102.848  2 55449.24501230 10.335
  81 323.321614 -10.267882   102.491   102.491  2 55459.16065462  8.739
  82 323.324069 -10.268400     2.469     2.469  2 55469.07629645 27.585
  83 323.328413 -10.272319     3.912     3.977  4 55478.99193591 32.440
  84 323.330513 -10.271663    56.402    56.405  4 55488.90757144 13.769
  85 323.332646 -10.273210   110.234   111.609  4 55498.82320544  6.277
  86 323.331901 -10.273102     4.301     4.043  4 55508.73884493 33.050
  87 323.328580 -10.272271     2.856     2.876  4 55518.65449505 29.716
  88 323.327426 -10.272611    56.103    56.095  5 55528.57014482 12.096
  89 323.326118 -10.271377    55.967    55.764  5 55538.48579245  9.803
  90 323.323739 -10.268389   105.767   105.767  2 55548.40143734  4.056
  91 323.321367 -10.267685    50.244    50.244  2 55558.31708071 22.646
  92 323.320987 -10.269156    56.821    56.821  2 55568.23272362 22.881
  93 323.322181 -10.268415    50.312    50.294  3 55578.14836516 24.592
  94 323.326282 -10.271298     2.565     2.554  4 55588.06400537 47.415
  95 323.329985 -10.271308     2.734     2.829  4 55597.97964182 34.497
  96 323.331979 -10.271058     4.231     4.137  4 55607.89527545 26.818
  97 323.333626 -10.272482     4.135     4.138  4 55617.81090775 31.205
  98 323.330858 -10.271897     2.242     2.280  4 55627.72655348 35.435
  99 323.328682 -10.271856     3.694     3.765  5 55637.64220519 44.079
 100 323.328143 -10.272022    69.327    71.516  4 55647.55785508  6.616
 101 323.327994 -10.273118   108.906   109.515  5 55657.47350228 12.299
 102 323.327160 -10.273103    51.441    50.684  4 55667.38914485 20.972
 103 323.325900 -10.271536    49.954    49.645  4 55677.30478398 20.125
 104 323.327125 -10.273184   109.050   109.114  4 55687.22042177 10.741
 105 323.328672 -10.271568   109.068   109.384  4 55697.13605750  5.983
 106 323.332479 -10.271508   111.899   111.814  4 55707.05169230  4.020
 107 323.331581 -10.273268     2.133     2.091  3 55716.96734281 49.079
 108 323.328535 -10.271860    62.554    62.628  4 55726.88299029 19.060
 109 323.326150 -10.271754   108.616   107.509  3 55736.79863662  6.754
 110 323.323536 -10.268735   104.659   104.659  2 55746.71428126  7.217
 111 323.323404 -10.267864   106.355   106.355  2 55756.62992479  4.839
 112 323.326932 -10.271658   108.795   109.136  5 55766.54556710 10.565
 113 323.329307 -10.271728   108.620   108.615  5 55776.46120568  7.111
 114 323.330932 -10.272017    67.835    69.989  4 55786.37684132 14.840
 115 323.332035 -10.271681   110.823   110.919  4 55796.29247472  6.869
 116 323.332186 -10.272400   111.143   111.237  4 55806.20811535  2.582
 117 323.331604 -10.273466   112.087   112.031  4 55816.12376412  2.792
 118 323.332123 -10.272808   112.572   112.715  4 55826.03940962  2.335
 119 323.332855 -10.272135     4.066     3.559  3 55835.95505073 38.635
 120 323.332978 -10.271233   110.532   110.726  4 55845.87068851 10.298
 121 323.333967 -10.271876   111.063   111.147  3 55855.78632435  6.530
 122 323.333367 -10.272557   111.392   111.407  4 55865.70196621  6.753
 123 323.329743 -10.271775   109.682   109.647  4 55875.61761901  7.714
 133 323.327117 -10.272535     3.632     3.610  4 55974.77405422 29.077
 134 323.328741 -10.271802   108.650   108.346  4 55984.68969096 10.052
 135 323.333296 -10.272571   111.578   111.694  4 55994.60532596  8.845
 136 323.330922 -10.271328   109.986   110.716  4 56004.52097794  6.461
 137 323.328653 -10.271825    49.443    49.315  4 56014.43662689 22.455
 139 323.322463 -10.268109     3.360     3.360  2 56034.26791445 43.854
 141 323.327480 -10.272785     3.388     3.458  5 56054.09919453 49.491
 142 323.330857 -10.272017   110.637   110.719  5 56064.01482897  5.404
 143 323.331087 -10.272037   110.941   110.673  4 56073.93047142  2.314
 144 323.327731 -10.272185     3.217     3.224  4 56083.84612051 32.346
 145 323.324618 -10.268749   107.460   107.460  2 56093.76176672 10.149
 146 323.325515 -10.271221     3.089     3.187  4 56103.67741253 30.085
 147 323.327064 -10.272635    60.745    55.871  4 56113.59304388  9.564
 148 323.328930 -10.272430   109.449   109.685  5 56123.50868272  8.253
 149 323.331666 -10.272921   109.600   110.333  4 56133.42431787  7.484
 150 323.331738 -10.271767   111.539   111.638  4 56143.33995613  4.108
 151 323.328694 -10.272033   108.785   108.805  4 56153.25560612  8.529
 152 323.327217 -10.272241     3.602     3.573  5 56163.17125465 34.676
 153 323.327151 -10.271382    49.884    49.454  5 56173.08690096 23.330
 154 323.328822 -10.271614     3.034     2.966  5 56183.00254269 49.897
 155 323.329849 -10.271716   109.910   110.196  5 56192.91818063  4.136
 156 323.330357 -10.272171   109.767   109.991  4 56202.83381608  6.506
 157 323.331549 -10.271106   109.237   109.889  4 56212.74944989  6.883
 158 323.335559 -10.271964     3.409     2.239  3 56222.66508270 31.261
 159 323.332563 -10.271753   105.514   105.454  4 56232.58073884 10.194
 160 323.330189 -10.271798     4.114     4.144  4 56242.49639152 30.265
 161 323.327610 -10.271693     1.926     1.972  5 56252.41203975 39.385
 162 323.326116 -10.271408    49.680    49.657  4 56262.32768329 23.847
 164 323.327739 -10.273013   105.937   105.908  5 56282.15896707 11.074
 165 323.325872 -10.271384   109.063   108.968  4 56292.07461841  4.606
 166 323.323625 -10.267889   106.924   106.924  2 56301.99026487  6.934
 167 323.322757 -10.267751   104.127   104.127  2 56311.90590795  6.730
 168 323.322657 -10.268744   103.255   103.255  2 56321.82154944  9.982
 169 323.322469 -10.267110   105.783   105.783  2 56331.73719009  5.320
 170 323.326263 -10.272044   107.144   107.307  3 56341.65283212 12.764
 171 323.329725 -10.272324   109.571   109.431  4 56351.56847095  9.941
 172 323.331176 -10.271767   108.063   107.781  4 56361.48411121 12.748
 173 323.327641 -10.272503     2.092     2.071  4 56371.39976105 43.629
 174 323.321969 -10.268158   103.870   103.568  3 56381.31540670  5.217
 175 323.320401 -10.269220   105.003   104.736  3 56391.23105133  4.087
 177 323.324923 -10.269252   108.447   108.793  3 56411.06233422  8.952
 178 323.330055 -10.272675   109.148   109.213  4 56420.97797027  7.884
 179 323.331100 -10.272187   111.243   110.927  4 56430.89360803  4.111
 180 323.324518 -10.268198   107.208   107.208  2 56440.80925928  9.685
 181 323.321506 -10.268317   103.095   103.094  3 56450.72490940 15.076
 182 323.321149 -10.267798   102.975   102.975  2 56460.64055756 10.645
 183 323.322413 -10.268771   105.650   105.650  2 56470.55620292  7.764
 184 323.323608 -10.268554   107.284   107.346  3 56480.47184433  5.605
 185 323.324750 -10.268585    52.896    52.896  2 56490.38748177 18.779
 187 323.332034 -10.273008   111.765   112.006  3 56510.21875078  3.000
 188 323.334258 -10.274458   114.284   114.284  2 56520.13439360  5.685
 190 323.330083 -10.271677    50.653    49.861  4 56539.96569448 16.211
 191 323.328268 -10.272278   109.175   109.504  4 56549.88133913  9.596
 192 323.324587 -10.268883     2.193     2.193  2 56559.79698078 25.262
 193 323.323666 -10.268576     1.430     1.430  2 56569.71262265 29.433
 194 323.327074 -10.273149   109.147   109.215  4 56579.62826482 11.875
 195 323.331544 -10.272743   110.954   110.949  4 56589.54390231  8.090
 196 323.331670 -10.271156     2.567     2.585  4 56599.45954771 42.063
 197 323.328467 -10.272585    49.747    49.823  4 56609.37519892 24.137
 198 323.324147 -10.268638     2.232     2.232  2 56619.29084382 25.363
 199 323.323308 -10.268386   105.617   105.617  2 56629.20648641  6.027
 200 323.327295 -10.272578   108.743   108.560  4 56639.12212699  8.197
 201 323.329214 -10.272376   108.633   108.972  4 56649.03777168  9.920
 203 323.323993 -10.269340   108.516   108.516  2 56668.86906911  4.872
 205 323.322302 -10.269127   103.713   103.713  2 56688.70035820 11.526
 206 323.324436 -10.268999   108.103   107.773  3 56698.61599999 10.055
 207 323.329274 -10.272075     3.171     2.800  5 56708.53163805 26.559
 208 323.330347 -10.271587     2.322     2.340  4 56718.44727711 47.581
 209 323.324513 -10.269398    53.793    53.793  2 56728.36292923  9.692
 212 323.321956 -10.269182   103.856   103.856  2 56758.10986239  6.331
 213 323.328513 -10.272078   108.591   108.746  4 56768.02549742 12.764
 214 323.328756 -10.272331   109.643   110.158  4 56777.94114298  9.401
 215 323.322603 -10.268419   107.621   107.862  3 56787.85679724  1.939
 216 323.318311 -10.269560   103.238   103.268  3 56797.77244943 10.527
 219 323.321482 -10.267677   105.312   105.312  2 56827.51937523  4.580
 220 323.327776 -10.273344    30.037    35.268  5 56837.43501135 23.327
 221 323.331221 -10.272505   113.068   111.632  4 56847.35064275  5.033
 222 323.327498 -10.271357   109.275   109.230  5 56857.26629343  9.271
 223 323.324104 -10.269424   111.472   111.472  2 56867.18194564  2.127
 224 323.322405 -10.268324   109.250   109.250  2 56877.09759650  2.127
 227 323.319752 -10.268911   105.194   105.172  3 56906.84453255  6.239
 228 323.318928 -10.268826   102.932   102.883  3 56916.76017338 10.252
 229 323.320318 -10.268489   105.506   105.506  2 56926.67581267  3.211
 230 323.324477 -10.268995   108.573   108.642  3 56936.59144907  7.275
 231 323.332071 -10.272481   106.717   106.460  4 56946.50708114 11.098
 232 323.329125 -10.271603   108.322   108.440  4 56956.42273474 10.314
 233 323.326316 -10.272133     2.526     2.650  3 56966.33838381 37.711
 234 323.323038 -10.268048   106.991   106.991  2 56976.25402740  4.033
 236 323.329639 -10.272305   109.030   109.845  4 56996.08530314  8.001
 237 323.331793 -10.272880     1.639     1.646  4 57006.00094676 35.689
 238 323.328382 -10.271604   106.551   106.887  4 57015.91660066  7.313
 239 323.324441 -10.268903     2.007     2.059  3 57025.83225046 25.725
 240 323.321994 -10.267895   105.363   105.363  2 57035.74789898  6.683
 241 323.322467 -10.269308     2.439     2.439  2 57045.66354584 24.449
 242 323.324061 -10.269494   108.685   108.685  2 57055.57918942  5.983
 243 323.327277 -10.272098   109.119   109.045  5 57065.49482853 12.879
 244 323.329139 -10.271683   108.940   108.585  5 57075.41046225  7.553
 245 323.332547 -10.272707     2.663     2.322  4 57085.32609302 49.388
 246 323.327666 -10.271671    51.382    50.860  5 57095.24174778 24.224
 249 323.322745 -10.269091   107.988   107.988  2 57124.98869995  2.626
 250 323.323271 -10.268391   107.870   107.870  2 57134.90433989  3.401
