#    0.000   0.000   0.000 ;Mean Elev.(m), Avg Gradient(m/km), RMS Gradient(m/km) - SRTM1     
#    0.000   0.000   0.000 ;Mean Elev.(m), Avg Gradient(m/km), RMS Gradient(m/km) - ASTER GDEM
#    2.379  -5.033  18.753 ;Mean Elev.(m), Avg Gradient(m/km), RMS Gradient(m/km) - GMTED2010 
   8 323.051498 -10.076150     5.341     5.316  3 54737.77331060 27.903
  10 323.049639 -10.073959     6.104     6.097  4 54757.60460640 29.502
  13 323.051418 -10.077005     5.363     5.363  2 54787.35153323 44.097
  17 323.054947 -10.084998     5.086     5.041  3 54827.01409418 36.618
  18 323.052694 -10.081755     6.291     6.291  2 54836.92973383 29.221
  19 323.051253 -10.074393     5.132     5.170  3 54846.84538488 25.420
  20 323.049253 -10.072741     4.335     4.316  4 54856.76103438 36.884
  21 323.049131 -10.071159     5.126     5.247  4 54866.67668411 31.207
  22 323.049057 -10.071910     5.208     5.257  5 54876.59233281 33.125
  23 323.049659 -10.072487     4.942     4.905  4 54886.50797851 49.066
  24 323.048982 -10.072105     5.798     5.752  4 54896.42362066 46.774
  25 323.048292 -10.070083    53.080    52.706  5 54906.33926017 14.148
  26 323.048898 -10.069088     5.598     5.546  5 54916.25489806 51.954
  27 323.049288 -10.073737     4.808     4.767  4 54926.17053448 37.970
  28 323.051420 -10.077973     4.712     4.753  3 54936.08617048 41.002
  29 323.053925 -10.083091     5.131     5.235  3 54946.00180446 44.749
  30 323.056289 -10.088174     6.006     6.033  4 54955.91743593 40.903
  31 323.054624 -10.085757     6.609     6.634  3 54965.83308417 32.690
  32 323.053232 -10.082234     6.652     6.652  2 54975.74873263 32.156
  35 323.052916 -10.080573     5.672     5.616  3 55005.49567498 42.722
  36 323.052004 -10.080344     5.736     5.736  2 55015.41131883 45.189
  38 323.051582 -10.076884     5.841     5.748  3 55035.24260338 49.929
  39 323.052541 -10.079584     5.883     5.782  3 55045.15824373 48.106
  40 323.054237 -10.085782     5.609     5.580  3 55055.07388169 49.577
  41 323.056080 -10.088999     5.280     5.253  3 55064.98951812 42.527
  42 323.054730 -10.085076     4.801     4.768  3 55074.90516619 43.763
  44 323.050987 -10.074272     5.625     5.527  3 55094.73646281 27.614
  45 323.050561 -10.073227     6.090     6.070  3 55104.65210969 28.731
  47 323.051367 -10.074841     5.932     5.954  3 55124.48339997 29.637
  49 323.051596 -10.077199     5.950     5.988  3 55144.31467943 42.990
  50 323.052110 -10.077515    58.728    55.796  3 55154.23031726 22.183
  55 323.051300 -10.080360   106.418   106.418  2 55203.80853289  0.710
  56 323.050527 -10.074569     5.516     5.485  3 55213.72418379 27.538
  57 323.049762 -10.073740     5.337     5.349  4 55223.63983322 30.345
  58 323.049620 -10.073770     5.438     5.364  4 55233.55548096 27.785
  59 323.050365 -10.073545     5.171     5.199  3 55243.47112544 29.994
  60 323.049837 -10.072594     5.564     5.531  4 55253.38676653 47.806
  61 323.048991 -10.071038     5.728     5.685  4 55263.30240530 50.976
  62 323.049121 -10.072284     6.037     5.996  5 55273.21804235 49.807
  63 323.051304 -10.074487     5.623     5.632  3 55283.13367901 43.415
  64 323.052983 -10.081392    51.517    51.671  3 55293.04931335 16.795
  66 323.053324 -10.083624     5.137     5.137  2 55312.88059590 39.023
  67 323.052450 -10.080980     7.960     8.504  3 55322.79624166 34.399
  69 323.052049 -10.078483     6.854     5.220  3 55342.62753062 28.572
  71 323.052792 -10.081121    51.481    51.481  2 55362.45881566 23.940
  72 323.053187 -10.081871     4.534     4.534  2 55372.37445497 41.496
  74 323.054322 -10.085846     5.186     5.164  3 55392.20572907 48.424
  75 323.056140 -10.089607    54.111    54.072  4 55402.12136398 27.480
  76 323.055347 -10.088384     5.247     5.255  4 55412.03701441 45.682
  77 323.053926 -10.085968     4.263     4.287  3 55421.95266391 38.926
  78 323.052906 -10.081367    54.489    54.489  2 55431.86831134  5.505
  79 323.051540 -10.077230     7.650     7.650  2 55441.78395689 26.034
  80 323.050982 -10.075455     5.925     5.925  2 55451.69960077 25.437
  83 323.053251 -10.082508     6.852     5.880  3 55481.44652236 41.883
  84 323.053554 -10.085121    60.517    54.106  3 55491.36215780  9.863
  85 323.054888 -10.086570     5.329     5.422  4 55501.27779140 48.274
  86 323.054989 -10.084718     5.684     5.668  3 55511.19343524 49.003
  87 323.053464 -10.084170     5.062     5.095  3 55521.10908473 40.817
  88 323.053181 -10.081639    81.034    81.284  3 55531.02473359 16.008
  89 323.052431 -10.080512     6.777     5.888  3 55540.94038068 42.486
  90 323.051845 -10.079037     6.707     6.707  2 55550.85602594 28.203
  91 323.051474 -10.076480     5.191     5.135  3 55560.77167012 28.988
  92 323.051420 -10.077158     5.058     5.050  3 55570.68731300 27.424
  94 323.052722 -10.081700     7.027     6.297  3 55590.51859316 37.095
  95 323.053629 -10.084858     6.074     6.034  3 55600.43422823 42.669
  96 323.055014 -10.085594     5.627     5.652  3 55610.34986130 49.443
  97 323.055668 -10.089463     5.433     5.456  4 55620.26549207 48.708
  98 323.053921 -10.086413     4.941     5.018  3 55630.18114347 45.417
  99 323.054071 -10.083034     5.444     5.476  3 55640.09679457 35.640
 100 323.053652 -10.082965     5.734     5.766  3 55650.01244249 44.083
 102 323.052695 -10.078625     7.216     7.216  2 55669.84372920 27.373
 104 323.053750 -10.082357     6.258     5.095  3 55689.67500582 32.574
 105 323.055378 -10.086876     5.033     4.985  4 55699.59064122 42.756
 107 323.054475 -10.086718     4.678     4.713  3 55719.42193000 44.964
 108 323.053299 -10.082158     5.181     5.310  3 55729.33757861 44.213
 110 323.052240 -10.081444     6.472     5.522  3 55749.16886973 44.914
 111 323.053014 -10.081861     5.424     5.424  2 55759.08451224 46.275
 112 323.053447 -10.083922    54.269    54.269  2 55769.00015167 24.325
 113 323.054333 -10.083983     5.183     5.145  3 55778.91578852 35.571
 114 323.054680 -10.086325     6.128     5.230  3 55788.83142258 35.162
 115 323.055781 -10.089345     5.313     5.320  4 55798.74705565 37.137
 117 323.055443 -10.086744     5.590     5.506  3 55818.57835153 41.426
 118 323.055330 -10.088005     5.675     5.647  4 55828.49399654 39.015
 119 323.055524 -10.087338     5.895     5.899  4 55838.40963744 45.315
 120 323.055427 -10.086074     5.840     5.841  3 55848.32527518 47.076
 121 323.055877 -10.088014     6.005     6.035  3 55858.24090992 50.122
 122 323.055225 -10.087618     6.126     6.151  3 55868.15655657 48.087
 123 323.054988 -10.085759     6.365     6.308  3 55878.07220852 39.371
 133 323.052189 -10.080453     6.163     6.192  3 55977.22864140 50.291
 134 323.054222 -10.084828     6.147     6.108  3 55987.14427644 50.225
 135 323.056129 -10.089210     5.944     5.931  4 55997.05991367 47.629
 136 323.055169 -10.086358    54.719    54.774  4 56006.97556520 24.402
 139 323.051532 -10.076833     5.513     5.526  3 56036.72250114 28.126
 141 323.054098 -10.084686     5.594     5.594  2 56056.55377880 33.493
 142 323.056321 -10.090217     6.019     6.196  4 56066.46941162 37.314
 143 323.055123 -10.087022     5.221     5.285  3 56076.38505952 43.689
 144 323.053012 -10.082448    53.751    53.751  2 56086.30070892 22.650
 145 323.052307 -10.080291     5.301     5.301  2 56096.21635534 48.651
 146 323.052608 -10.081759     5.969     6.011  3 56106.13199898 48.274
 147 323.053303 -10.084558     5.381     5.403  3 56116.04762797 45.990
 148 323.054932 -10.085785     5.011     5.072  3 56125.96326531 47.787
 149 323.055564 -10.088605     5.195     5.138  4 56135.87889850 40.219
 150 323.054865 -10.086472     5.369     5.477  3 56145.79454165 34.568
 151 323.053558 -10.083138     7.535     7.960  3 56155.71019224 28.628
 152 323.052843 -10.082806    87.159    98.592  3 56165.62584137  8.384
 153 323.053205 -10.082856     6.792     6.792  2 56175.54148828 32.610
 154 323.053954 -10.083889     5.772     5.696  3 56185.45712990 43.511
 155 323.054295 -10.083982     5.259     5.431  3 56195.37276770 48.590
 156 323.054158 -10.085447     5.284     5.284  3 56205.28840201 35.298
 157 323.055398 -10.087797     4.689     4.720  3 56215.20403456 48.774
 158 323.057177 -10.090663    53.259    53.570  4 56225.11967180 22.760
 159 323.056054 -10.089382     5.313     5.318  4 56235.03532735 39.664
 161 323.053836 -10.084039     6.359     6.359  2 56254.86662670 29.678
 162 323.052882 -10.082251     5.773     4.593  3 56264.78226999 31.964
 165 323.052095 -10.080011     6.800     6.800  2 56294.52920903 29.397
 169 323.051688 -10.076673     5.093     5.120  3 56334.19178055 48.817
 170 323.053118 -10.080946     4.608     4.645  3 56344.10741885 37.615
 171 323.054811 -10.085871     4.766     4.759  3 56354.02305475 48.208
 172 323.054892 -10.084952     5.017     4.970  3 56363.93869842 33.564
 173 323.052710 -10.081670     4.772     4.751  3 56373.85434782 28.810
 175 323.050800 -10.075983     4.507     4.500  3 56393.68563940 27.964
 176 323.051723 -10.077883     4.324     4.361  3 56403.60128155 27.011
 177 323.052890 -10.082619   147.478   147.437  3 56413.51692018  1.767
 178 323.055293 -10.087132   144.743   144.795  4 56423.43255382  2.613
 179 323.054912 -10.086448     4.378     4.375  4 56433.34819758 47.054
 180 323.052494 -10.080471     5.022     5.022  2 56443.26385040 44.514
 184 323.051917 -10.080484     6.791     8.055  3 56482.92642918 34.217
 185 323.052681 -10.081853   105.306   105.306  2 56492.84206570  0.228
 188 323.056031 -10.090309     4.284     4.300  4 56522.58898049 36.975
 189 323.054804 -10.087124     4.867     5.314  3 56532.50463375 47.319
 191 323.052605 -10.080588     5.244     5.244  2 56552.33592856 45.761
 192 323.052094 -10.079333     5.037     5.066  3 56562.25157127 46.670
 193 323.052685 -10.079830     4.803     4.841  3 56572.16721241 36.814
 194 323.053821 -10.083842     5.325     5.325  2 56582.08285113 39.231
 195 323.056327 -10.089473     4.478     4.462  3 56591.99848537 43.865
 196 323.055093 -10.087654     4.779     4.740  4 56601.91413566 38.831
 197 323.053152 -10.083767     7.483     7.445  3 56611.82978619 26.374
 198 323.052340 -10.081339     6.060     5.255  3 56621.74543231 30.387
 199 323.052672 -10.079776     6.017     5.152  3 56631.66107551 28.812
 200 323.053333 -10.084024     4.184     4.113  3 56641.57671347 34.470
 202 323.052119 -10.077585     4.918     5.003  3 56661.40801435 46.295
 203 323.050585 -10.076108     5.277     5.460  3 56671.32366159 45.761
 205 323.051643 -10.076393     5.134     5.171  3 56691.15494932 37.769
 206 323.053167 -10.081015     4.483     4.524  3 56701.07058767 46.236
 207 323.054889 -10.085434     4.057     4.013  3 56710.98622130 37.729
 208 323.053857 -10.083924     4.074     4.074  2 56720.90186508 32.100
 213 323.054862 -10.086714     4.310     4.319  3 56770.48008061 38.110
 214 323.052963 -10.082154     5.787     4.601  3 56780.39573396 31.416
 216 323.048991 -10.070912     4.853     4.929  5 56800.22704191 48.405
 217 323.048901 -10.071284     4.375     4.373  4 56810.14268636 51.825
 219 323.051488 -10.079070     5.822     5.132  3 56829.97396030 39.670
 221 323.054740 -10.087407     4.319     4.312  3 56849.80522549 33.610
 223 323.052218 -10.080111     6.043     5.121  3 56869.63653529 30.001
 226 323.049931 -10.073810     4.696     4.636  3 56899.38348056 49.737
 227 323.049105 -10.071350     4.709     4.716  5 56909.29912340 50.219
 228 323.049616 -10.072805     4.916     4.863  3 56919.21476364 50.211
 229 323.051723 -10.077465     4.793     4.793  2 56929.13040128 47.468
 230 323.054046 -10.085276     4.847     4.894  3 56939.04603390 44.178
 231 323.056211 -10.089399     5.064     5.003  4 56948.96166840 39.320
 232 323.053671 -10.084874     5.255     4.317  3 56958.87732197 33.560
 234 323.051882 -10.079216     8.199     8.095  3 56978.70861517 25.004
 235 323.053166 -10.081392     5.595     4.186  3 56988.62425474 31.314
 236 323.055396 -10.087696     4.849     4.856  4 56998.53988732 33.506
 237 323.054733 -10.084336     4.301     4.290  3 57008.45553862 40.214
 238 323.052295 -10.080561     4.559     4.559  2 57018.37119250 43.521
 239 323.051242 -10.076029     4.555     4.329  3 57028.28684316 48.063
 240 323.050765 -10.075293     4.439     4.442  3 57038.20249113 49.682
 241 323.051390 -10.077132     4.769     5.054  3 57048.11813612 47.088
 242 323.052762 -10.080744     4.628     4.656  3 57058.03377703 40.092
 243 323.054232 -10.083368     4.360     4.370  3 57067.94941262 32.005
 245 323.055829 -10.088024     4.899     4.937  3 57087.78067727 28.992
 246 323.053093 -10.082451     5.826     5.826  2 57097.69633714 29.728
 247 323.051926 -10.079523     5.864     5.034  3 57107.61199367 22.419
 248 323.051974 -10.079841     4.307     4.385  3 57117.52764454 43.310
 249 323.052075 -10.079589     5.164     5.194  3 57127.44328918 31.822
 250 323.052314 -10.078569     4.367     4.389  3 57137.35892822 42.139
